735092.5
727072.5
719059.625
711060.0625
703073.875
695101.25
687142.3125
679197.1875
671266.125
663349.1875
655446.5625
647558.3125
639684.6875
631825.75
623981.75
616141.0625
608302.9375
600467.5
592634.875
584805.1875
576978.5625
569155.125
561334.9375
553518.1875
545704.875
537895.25
530089.3125
522287.1875
514489.0313
506694.9375
498904.9688
491119.2813
483337.9063
475560.9688
467788.5625
460020.75
452257.6563
444499.375
436746.0313
428997.6563
421254.3438
413516.1875
405783.25
398055.5625
390333.1563
382616.125
374904.4063
367198.125
359497.25
351801.8438
344111.9063
336427.5625
328748.7813
321075.6563
313408.2188
305746.5
298090.5313
290440.3125
282795.8125
275157.0313
267523.9375
259896.4531
252274.5156
244658.0156
237046.8438
229440.7813
221839.375
214242.0938
206648.2656
199036.9063
191378.0313
183633.0313
175725.0469
167433.0469
165663.25
163904.1563
162156.0313
160419.0313
158693.2813
156978.7969
155275.6406
153583.8438
151903.4063
150234.3594
148576.7031
146930.4688
145295.6563
143672.2656
142060.3438
140459.875
138870.8906
137293.3906
135727.3906
134172.9063
132629.9688
131098.5469
129578.6641
128070.3281
126573.5156
125088.2344
123614.4688
122152.1953
120701.4141
119262.1016
117834.2266
116417.7813
115012.7422
113619.0859
112236.7813
110865.8203
109506.1719
108157.8125
106820.7188
105494.8672
104180.2109
102876.7188
101584.3516
100303.0547
99032.79688
97773.52344
96525.19531
95287.77344
94061.21875
92845.49219
91640.55469
90446.36719
89262.875
88090.03906
86927.8125
85776.13281
84634.95313
83504.22656
82383.89063
81273.91406
80174.24219
79084.82031
78005.60156
76936.53125
75877.54688
74828.60156
73789.63281
72760.59375
71741.42188
70732.0625
69732.46875
68742.57813
67762.32813
66791.65625
65830.51563
64878.84375
63936.58594
63003.67969
62080.07031
61165.69922
60260.5
59364.41406
58477.375
57599.31641
56730.17969
55869.89844
55018.41016
54175.65234
53341.5625
52516.08594
51699.16406
50890.74609
50090.77344
49299.18359
48515.91016
47740.89063
46974.06641
46215.38281
45464.77344
44722.17969
43987.53516
43260.76563
42541.8125
41830.62109
41127.14063
40431.30859
39743.07031
39062.34375
38389.05859
37723.14844
37064.55469
36413.23828
35769.16016
35132.27734
34502.52734
33879.85156
33264.17578
32655.43164
32053.54102
31458.43359
30870.04102
30288.30469
29713.16602
29144.56641
28582.45508
28026.79883
27477.57422
26934.75391
26398.28906
25868.10156
25344.08984
24826.16602
24314.26758
23808.37305
23308.42773
22814.33008
22325.98047
21843.33789
21366.41211
20895.19531
20429.59961
19969.53711
19515.03906
19066.1543
18622.73828
18184.56445
17751.47852
17323.60938
16901.29492
16484.44336
16072.37598
15665.02344
15263.14453
14866.49023
14474.4707
14094.66016
13745.26172
13425.62402
13149.83008
12905.69531
12689.00781
12497.21094
12324.92285
12168.80664
12026.55957
11896.45898
11777.12305
11667.72754
11567.57813
11475.64453
11391.0752
11313.15234
11241.25879
11174.85742
11113.47754
11056.69824
11004.14551
10955.48242
10910.40332
10868.62988
10829.91113
10794.01563
10760.73242
10729.86621
10701.23926
10674.68652
10650.05566
10627.20703
10606.01074
10586.34668
10568.10449
10551.18066
10535.47949
10520.91309
10507.39941
10494.86328
10483.23145
10472.44141
10462.43066
10453.14258
10444.52539
10436.53027
10429.11133
10422.22754
10415.83789
10409.9082
10404.4043
10399.29395
10394.54883
10390.14063
10386.0459
10382.24023
10378.70215
10375.41113
10372.34961
10369.49805
10366.84277
10364.36621
10362.05566
10359.89844
10357.88086
10355.99414
10354.22461
10352.56543
10351.00586
10349.53809
10348.15332
10346.8457
10345.60645
10344.43066
10343.3125
10342.24512
10341.22461
10340.24512
10339.30273
10338.39356
10337.51172
10336.65625
10335.82129
10335.00391
10334.20215
10333.41211
10332.63086
10331.85645
10331.08691
10330.31836
10329.54883
10328.77734
10328
10327.2168
10326.42481
10325.62207
10324.80664
10323.97852
10323.13379
10322.27246
10321.39258
10320.49219
10319.57031
10318.625
10317.65527
10316.66016
10315.63672
10314.58594
10313.50391
10312.39063
10311.24512
10310.06543
10308.85059
10307.59961
10306.30957
10304.98145
10303.61133
10302.2002
10300.74609
10299.24707
10297.70215
10296.11035
10294.46973
10292.78027
10291.03809
10289.24414
10287.39648
10285.49219
10283.53223
10281.51465
10279.43652
10277.29785
10275.09668
10272.83106
10270.50098
10268.10352
10265.63867
10263.10352
10260.49805
10257.81934
10255.06641
10252.23828
10249.33203
10246.34766
10243.28418
10240.1377
10236.9082
10233.59473
10230.19434
10226.70606
10223.12891
10219.45996
10215.69922
10211.84473
10207.89453
10203.84766
10199.70215
10195.45703
10191.11035
10186.66016
10182.10645
10177.44629
10172.67871
10167.80273
10162.81641
10157.71777
10152.50684
10147.18164
10141.74023
10136.18164
10130.50488
10124.70801
10118.79004
10112.75098
10106.58789
10100.29981
10093.88574
10087.3457
10080.67676
10073.87891
10066.95215
10059.89258
10052.70215
10045.37793
10037.9209
10030.3291
10022.60059
10014.73731
10006.73633
9998.597656
9990.321289
9981.90625
9973.351563
9964.657227
9955.823242
9946.848633
9937.732422
9928.475586
9919.077148
9909.539063
9899.862305
9890.046875
9880.092773
9870
9859.768555
9849.400391
9838.894531
9828.25293
9817.473633
9806.55957
9795.509766
9784.326172
9773.008789
9761.558594
9749.976563
9738.263672
9726.421875
9714.450195
9702.351563
9690.126953
9677.776367
9665.302734
9652.706055
9639.989258
9627.15332
9614.199219
9601.128906
9587.943359
9574.646484
9561.237305
9547.719727
9534.095703
9520.366211
9506.533203
9492.598633
9478.56543
9464.435547
9450.210938
9435.894531
9421.487305
9406.993164
9392.413086
9377.75
9363.006836
9348.186523
9333.290039
9318.320313
9303.28125
9288.174805
9273.00293
9257.769531
9242.475586
9227.125977
9211.72168
9196.266602
9180.762695
9165.213867
9149.62207
9133.989258
9118.320313
9102.616211
9086.879883
9071.115234
9055.323242
9039.507813
9023.671875
9007.816406
8991.944336
8976.057617
8960.157227
