740303.0625
736385.1875
732466.75
728551.5
724639.375
720730.4375
716824.6875
712922.125
709022.75
705126.6875
701233.8125
697344.1875
693457.8125
689574.75
685695
681818.5625
677945.5
674075.75
670209.3125
666346.3125
662486.75
658630.5
654777.75
650928
647078
643227.6875
639377.3125
635526.8125
631676.3125
627825.9375
623975.6875
620125.6875
616275.9375
612426.5
608577.5
604729
600880.9375
597033.5
593186.625
589340.5
585495.0625
581650.375
577806.5
573963.5
570121.4375
566280.3125
562440.1875
558601.0625
554763
550926.0625
547090.25
543255.625
539422.1875
535589.9375
531758.9375
527929.1875
524100.7188
520273.5938
516447.8125
512623.375
508800.375
504978.7813
501158.625
497339.9063
493522.7188
489707
485892.7813
482080.0625
478268.875
474459.2188
470651.0313
466844.3438
463039.1563
459235.4375
455433.1875
451632.375
447833.0313
444035.125
440238.625
436443.5938
432649.9688
428857.7813
425067.0313
421277.6875
417489.8125
413703.375
409918.4063
406134.875
402352.8125
398572.1875
394793.0625
391015.4375
387239.2813
383464.625
379691.4688
375919.8438
372149.7188
368381.125
364614.0625
360848.5
357084.4688
353321.9375
349560.875
345801.3125
342043.2188
338286.5625
334531.375
330777.5938
327025.2188
323274.2813
319524.6875
315776.4688
312029.5625
308283.9375
304539.5625
300796.4063
297054.4063
293313.5313
289573.75
285834.9688
282097.1563
278360.2813
274624.2188
270888.9063
267154.1875
263419.9688
259686.0781
255952.3906
252218.7656
248485.0938
244751.2031
241016.9844
237282.25
233546.8125
229810.4219
226072.8438
222333.9688
218593.75
214851.3438
211100.4844
207325.8281
203510.7969
199625.3906
195596.125
191569.0156
187540.875
183499.5938
179424.0938
175274.3125
171129.0313
167373.5313
166044.75
165170.8125
164300.0313
163432.3438
162567.7656
161706.2813
160847.8594
159992.5156
159140.2188
158290.9688
157444.7813
156601.625
155761.5156
154924.4375
154090.3906
153259.375
152431.3906
151606.4375
150784.4844
149965.5625
149149.6406
148336.7188
147526.7969
146719.8594
145915.875
145114.875
144316.8125
143521.6875
142729.4844
141940.2188
141153.8594
140370.4063
139589.8594
138812.2188
138037.4844
137265.6563
136496.7344
135730.7344
134967.6406
134207.4531
133450.1875
132695.8281
131944.375
131195.7969
130450.1328
129707.3359
128967.4219
128230.375
127496.1875
126764.8516
126036.3672
125310.7188
124587.9063
123867.9141
123150.75
122436.3984
121724.8594
121016.1328
120310.2109
119607.0859
118906.7578
118209.2266
117514.4766
116822.5156
116133.3359
115446.9297
114763.2969
114082.4297
113404.3203
112728.9688
112056.3672
111386.5156
110719.4063
110055.0391
109393.4063
108734.4922
108078.3047
107424.8359
106774.0781
106126.0234
105480.6719
104838.0156
104198.0469
103560.7578
102926.1484
102294.2188
101664.9531
101038.3594
100414.4141
99793.13281
99174.49219
98558.5
97945.14844
97334.42188
96726.3125
96120.82031
95517.9375
94917.64063
94319.9375
93724.8125
93132.25781
92542.26563
91954.83594
91369.96094
90787.64063
90207.875
89630.65625
89055.98438
88483.85938
87914.27344
87347.23438
86782.73438
86220.75781
85661.32031
85104.39063
84549.97656
83998.0625
83448.64063
82901.69531
82357.21875
81815.21094
81275.66406
80738.5625
80203.90625
79671.69531
79141.92188
78614.58594
78089.67188
77567.1875
77047.125
76529.47656
76014.25
75501.42188
74990.99219
74482.94531
73977.27344
73473.96875
72973.00781
72474.39063
71978.10156
71484.14063
70992.49219
70503.14844
70016.10938
69531.375
69048.9375
68568.79688
68090.94531
67615.39063
67142.10938
66671.09375
66202.34375
65735.84375
65271.58203
64809.55078
64349.74219
63892.14453
63436.74219
62983.53516
62532.50391
62083.64844
61636.96094
61192.44141
60750.09375
60309.91797
59871.91406
59436.08203
59002.41406
58570.90234
58141.53516
57714.29688
57289.18359
56866.19141
56445.31641
56026.56641
55609.94141
55195.44141
54783.06641
54372.79688
53964.62891
53558.53516
53154.5
52752.50781
52352.54297
51954.60156
51558.67188
51164.74609
50772.81641
50382.87109
49994.89844
49608.88281
49224.81641
48842.69922
48462.52344
48084.29297
47708.01563
47333.69141
46961.32031
46590.89453
46222.40234
45855.83203
45491.17188
45128.41797
44767.5625
44408.60547
44051.54297
43696.37891
43343.09375
42991.67188
42642.09766
42294.33984
41948.39063
41604.23438
41261.87109
40921.30859
40582.55469
40245.62109
39910.50781
39577.21094
39245.71484
38915.99609
38588.02734
38261.79297
37937.26953
37614.46094
37293.375
36974.01953
36656.41406
36340.56641
36026.47266
35714.10938
35403.46094
35094.48828
34787.17578
34481.50781
34177.48438
33875.10938
33574.39453
33275.34766
32977.98047
32682.28906
32388.25195
32095.83789
31805.00586
31515.7207
31227.96289
30941.73047
30657.0332
30373.89453
30092.33203
29812.37109
29534.02539
29257.31055
28982.22461
28708.75195
28436.85742
28166.50195
27897.64063
27630.24219
27364.29297
27099.79102
26836.74609
26575.17188
26315.08398
26056.49805
25799.43164
25543.89844
25289.89648
25037.39844
24786.35938
24536.71094
24288.40234
24041.40234
23795.70313
23551.30859
23308.24609
23066.55273
22826.27734
22587.4668
22350.15039
22114.33203
21879.99219
21647.0957
21415.60742
21185.50391
20956.75391
20729.30664
20503.09766
20278.09375
20054.30664
19831.78906
19610.5957
19390.73047
19172.11523
18954.69141
18738.51953
18523.72461
18310.35156
18098.35742
17887.68164
17678.30664
17470.20117
17263.23633
17057.33008
16852.57617
16649.10742
16446.84961
16245.57129
16045.67383
15847.12598
15649.37109
15452.43066
15256.38965
15057.89063
14859.72852
14663.5791
14469.51367
14281.94434
14101.49023
13928.69727
13763.67383
13609.05078
13464.38281
13327.82129
13198.69238
13076.37012
12960.64844
12851.84375
12749.11816
12651.81738
12559.41895
12471.50293
12387.71973
12307.76074
12231.36133
12158.28711
12088.33594
12021.3252
11957.10254
11895.49219
11836.38672
11779.73047
11725.48731
11673.51465
11623.68652
11575.8877
11530.0127
11485.96387
11443.65039
11402.99121
11363.9082
11326.3291
11290.18652
11255.41699
11221.96191
11189.76563
11158.77344
11128.93652
11100.20801
11072.54297
11045.89844
11020.2334
10995.51074
10971.69238
10948.74414
10926.63184
10905.32422
10884.79004
10865.00098
10845.92871
10827.5459
10809.82715
10792.74902
10776.28516
10760.41602
10745.11719
10730.36914
10716.15137
10702.44434
10689.23047
10676.49023
10664.20801
10652.36719
10640.9502
10629.94336
10619.33008
10609.09863
10599.2334
10589.72266
10580.55273
10571.71094
10563.18652
10554.9668
10547.04297
10539.40234
10532.03613
10524.93359
10518.08594
10511.48438
10505.11816
10498.98145
10493.06348
10487.3584
10481.85742
10476.55469
10471.44043
10466.51074
10461.75684
10457.17383
10452.75488
10448.49414
10444.38574
10440.42481
10436.60547
10432.92285
10429.37207
10425.94824
10422.64648
10419.46191
10416.3916
10413.43066
10410.5752
10407.82129
10405.16602
10402.60449
10400.13379
10397.75098
10395.45215
10393.23438
10391.09473
10389.03027
10387.03906
10385.11719
10383.2627
10381.47363
10379.74609
10378.07813
10376.46875
10374.91504
10373.41406
10371.96484
10370.56543
10369.21289
10367.90625
10366.64356
10365.42383
10364.24414
10363.10352
10362.00098
10360.93457
10359.90234
10358.90332
10357.93652
10357.00098
10356.09473
10355.21582
10354.36426
10353.53906
10352.73926
10351.96289
10351.20898
10350.47754
10349.76758
10349.07715
10348.40527
10347.75293
10347.11719
10346.49902
10345.89648
10345.30859
10344.73633
10344.17676
10343.63086
10343.09863
10342.57715
10342.06738
10341.56836
10341.0791
10340.59961
10340.12988
10339.66797
10339.21484
10338.76856
10338.33008
10337.89746
10337.47266
10337.05273
10336.6377
10336.22852
10335.82324
10335.42285
10335.02637
10334.63281
10334.24316
10333.85547
10333.47168
10333.08887
10332.70801
10332.3291
10331.95215
10331.5752
10331.19922
10330.82422
10330.44922
10330.07324
10329.69824
10329.32227
10328.94434
10328.56641
10328.1875
10327.80664
10327.42383
10327.03906
10326.65234
10326.26367
10325.87207
10325.47754
10325.08008
10324.67969
10324.27539
10323.86816
10323.45703
10323.04102
10322.62207
10322.19824
10321.76953
10321.33691
10320.89941
10320.45703
10320.00879
10319.55566
10319.09668
10318.63184
10318.16211
10317.68555
10317.20313
10316.71484
10316.21875
10315.7168
10315.20898
10314.69238
10314.16992
10313.63965
10313.10254
10312.55762
10312.00488
10311.44336
10310.875
10310.29785
10309.71289
10309.11914
10308.5166
10307.90527
10307.28418
10306.65527
10306.0166
10305.36816
10304.71094
10304.04297
10303.36621
10302.67871
10301.98145
10301.27344
10300.55469
10299.82617
10299.08594
10298.33594
10297.57422
10296.80078
10296.0166
10295.21973
10294.41211
10293.59277
10292.76074
10291.91699
10291.06055
10290.19141
10289.30957
10288.41504
10287.50781
10286.58691
10285.65332
10284.70606
10283.74512
10282.76953
10281.78125
10280.77832
10279.76074
10278.72852
10277.68262
10276.62109
10275.54492
10274.45313
10273.34668
10272.22461
10271.08691
10269.93359
10268.76367
10267.57813
10266.37598
10265.15723
10263.92188
10262.66992
10261.40039
10260.11426
10258.81055
10257.48926
10256.15039
10254.79395
10253.41895
10252.02539
10250.61426
10249.18359
10247.73535
10246.26758
10244.78027
10243.27441
10241.74805
10240.20313
10238.6377
10237.05273
10235.44727
10233.82129
10232.17578
10230.50879
10228.82031
10227.11133
10225.38184
10223.62988
10221.85645
10220.06152
10218.24512
10216.40527
10214.54395
10212.66016
10210.75391
10208.82422
10206.87207
10204.89648
10202.89746
10200.875
10198.82813
10196.75781
10194.66406
10192.54492
10190.40234
10188.23438
10186.04199
10183.8252
10181.58301
10179.31543
10177.02148
10174.70313
10172.3584
10169.98828
10167.5918
10165.16895
10162.71973
10160.24316
10157.74023
10155.21094
10152.6543
10150.07031
10147.45801
10144.81934
10142.15234
10139.45801
10136.73535
10133.98438
10131.20508
10128.39746
10125.56055
10122.69531
10119.80078
10116.87793
10113.92481
10110.94336
10107.93164
10104.89063
10101.82031
10098.71973
10095.58887
10092.42773
10089.23633
10086.01465
10082.76172
10079.47949
10076.16504
10072.82031
10069.44434
10066.03809
10062.59961
10059.12988
10055.62891
10052.0957
10048.53125
10044.93555
10041.30664
10037.64648
10033.9541
10030.22949
10026.47266
10022.68359
10018.86231
10015.00781
10011.12109
10007.20117
10003.24902
9999.263672
9995.245117
9991.194336
9987.110352
9982.992188
9978.841797
9974.658203
9970.441406
9966.19043
9961.90625
9957.589844
9953.238281
9948.854492
9944.436523
9939.985352
9935.5
9930.981445
9926.428711
9921.842773
9917.222656
9912.570313
9907.884766
9903.165039
9898.413086
9893.62793
9888.810547
9883.958984
9879.075195
9874.157227
9869.207031
9864.224609
9859.208984
9854.160156
9849.078125
9843.963867
9838.817383
9833.637695
9828.425781
9823.180664
9817.904297
9812.594727
9807.25293
9801.878906
9796.472656
9791.035156
9785.56543
9780.063477
9774.529297
9768.963867
9763.367188
9757.739258
9752.079102
9746.388672
9740.666016
9734.913086
9729.129883
9723.314453
9717.469727
9711.59375
9705.6875
9699.750977
9693.785156
9687.788086
9681.762695
9675.707031
9669.621094
9663.506836
9657.363281
9651.191406
9644.989258
9638.759766
9632.500977
9626.214844
9619.900391
9613.557617
9607.1875
9600.789063
9594.364258
9587.912109
9581.433594
9574.927734
9568.395508
9561.836914
9555.25293
9548.642578
9542.006836
9535.345703
9528.65918
9521.947266
9515.211914
9508.451172
9501.666992
9494.858398
9488.026367
9481.170898
9474.291992
9467.389648
9460.46582
9453.518555
9446.549805
9439.558594
9432.545898
9425.511719
9418.457031
9411.380859
9404.285156
9397.167969
9390.03125
9382.875
9375.699219
9368.504883
9361.291016
9354.05957
9346.808594
9339.541016
9332.254883
9324.951172
9317.630859
9310.293945
9302.94043
9295.571289
9288.185547
9280.785156
9273.369141
9265.938477
9258.492188
9251.033203
9243.55957
9236.072266
9228.571289
9221.058594
9213.532227
9205.994141
9198.443359
9190.880859
9183.307617
9175.723633
9168.12793
9160.522461
9152.907227
9145.28125
9137.646484
9130.00293
9122.349609
9114.688477
9107.019531
9099.342773
9091.658203
9083.96582
9076.267578
9068.5625
9060.850586
9053.132813
9045.410156
9037.681641
9029.947266
9022.208984
9014.46582
9006.71875
8998.966797
8991.211914
8983.453125
8975.691406
8967.925781
8960.157227
