7000000.0
6999856.032048004
6999712.139236033
6999567.865790296
6999423.320997056
6999278.525633093
6999133.498072636
6998988.254677133
6998842.810006828
6998697.176997984
6998551.367122732
6998405.3905330915
6998259.256190728
6998112.971983956
6997966.5448333
6997819.980786791
6997673.285106024
6997526.462343892
6997379.516414842
6997232.450658357
6997085.267896342
6996937.9704849925
6996790.560361688
6996643.039087378
6996495.407884906
6996347.667673675
6996199.81910099
6996051.862570411
6995903.798267425
6995755.626182701
6995607.346133158
6995458.957781093
6995310.4606515765
6995161.854148265
6995013.137567845
6994864.310113249
6994715.370905784
6994566.318996286
6994417.153375465
6994267.872983501
6994118.476719022
6993968.963447513
6993819.332009314
6993669.581227184
6993519.709913575
6993369.716877651
6993219.600932079
6993069.360899699
6992918.995620063
6992768.503955914
6992617.884799637
6992467.1370796915
6992316.2597670825
6992165.251881868
6992014.112499745
6991862.8407587055
6991711.4358658
6991559.897103992
6991408.223839146
6991256.4155271035
6991104.471720901
6990952.392078077
6990800.176368101
6990647.824479889
6990495.336429422
6990342.712367408
6990189.952587028
6990037.057531685
6989884.027802759
6989730.864167358
6989577.567565988
6989424.1391201485
6989270.58013979
6989116.892130593
6988963.076801035
6988809.136069179
6988655.072069142
6988500.887157199
6988346.583917502
6988192.16516756
6988037.63396363
6987882.99360098
6987728.247616085
6987573.3997797705
6987418.454136502
6987263.414973336
6987108.286823239
6986953.07445882
6986797.7828806
6986642.41721296
6986486.984564082
6986331.482959761
6986175.918023214
6986020.283941869
6985864.491870005
6985708.387198251
6985546.869065787
6985353.406262211
6985145.597485045
6984936.794642053
6984726.61633209
6984512.240469328
6984287.065347871
6984041.752158685
6983779.5278605325
6983512.837614091
6983246.443076064
6982978.853145551
6982707.066526504
6982410.426482486
6981999.947259586
6981402.055167008
6980602.416419146
6979684.055624366
6978749.447550736
6977817.797082964
6976887.564188312
6975957.450496267
6975027.352888426
6974097.3612078
6973167.52758338
6972237.876535527
6971308.415854023
6970379.14401172
6969450.055468811
6968521.14293988
6967592.399048512
6966663.816584395
6965735.388858119
6964807.1093510585
6963878.971932765
6962950.970729915
6962023.100158382
6961095.3548872415
6960167.729831679
6959240.220135053
6958312.821157995
6957385.528465198
6956458.337815064
6955531.245149192
6954604.246583178
6953677.338397927
6952750.517031728
6951823.779072926
6950897.121253151
6949970.540441073
6949044.033636617
6948117.597965604
6947191.230674791
6946264.929127254
6945338.69079808
6944412.513270358
6943486.394231426
6942560.331469349
6941634.3228696035
6940708.366411954
6939782.46016749
6938856.602295819
6937930.791042381
6937005.024735898
6936079.301785907
6935153.620680385
6934227.979983475
6933302.378333259
6932376.814439599
6931451.2870820295
6930525.79510769
6929600.337429304
6928674.913023179
6927749.520927236
6926824.160239074
6925898.830114029
6924973.529763261
6924048.258451848
6923123.015496894
6922197.800265622
6921272.612173501
6920347.450682346
6919422.315298435
6918497.205570622
6917572.121088433
6916647.061480179
6915722.026411064
6914797.015581266
6913872.028724037
6912947.065603791
6912022.126014177
6911097.209776169
6910172.316736111
6909247.446763812
6908322.59975058
6907397.7756073
6906472.974262464
6905548.195660239
6904623.439758493
6903698.706526842
6902773.995944668
6901849.307998976
6900924.642681829
6900000.0
