448684.0625
446097.8438
443511.6563
440925.5938
438339.5938
435753.75
433167.9688
430582.3125
427996.5938
425406.375
422811.7188
420212.625
417609.2188
415001.6563
412390.125
409774.8438
407156.0938
404534.125
401909.1875
399281.375
396650.8125
394017.5313
391381.625
388743.125
386102.0313
383458.375
380812.125
378163.3125
375511.9063
372857.9375
370201.3438
367542.125
364880.3125
362215.8125
359548.5313
356878.4375
354205.3125
351529
348849.5625
346167.7813
343484.3125
340799.5938
338113.9375
335427.4688
332740.3125
330052.4375
327363.875
324674.5625
321984.3438
319292.9688
316600.1875
313905.5938
311208.8438
308509.5625
305807.4688
303102.3125
300394.0625
297682.5938
294967.9688
292250.1563
289529.1875
286805
284077.4688
281346.875
278613.625
275878.0313
273140.1875
270400.3125
267658.5
264914.7813
262169.25
259421.8281
256672.3906
253920.6875
251166.3281
248408.6094
245646.4219
242879.9063
240110.9844
237340.5469
234568.9063
231796.2031
229022.5313
226247.9219
223472.25
220694.9375
217914.2969
215128.9375
212341.7813
209554.9531
206768.8281
203983.375
201198.1563
198411.6406
195620.2969
192820.1875
190015.25
187208.25
184399.7969
181589.7656
178775.9531
175950.3438
173115.1406
170280.5
167448.3438
164618.625
161788.1875
158945.9375
156087.6719
153223.7031
150362.9063
147508.4063
144609.5781
141702.4063
138795.3906
135851.3438
132850.1875
129824.8359
126780.4609
123724.2578
120666.5156
117591.9609
114496.2109
111492.7813
108375.7344
107816.6797
107257.2578
106713.75
106173.9453
105642.5391
105117.9688
104568.9844
104012.4375
103488.0156
102971.7344
102436.9375
101900.9297
101373.8672
100852.8359
100325.6172
99793.65625
99294.13281
98808.53125
98248.55469
97673.89063
97233.92969
96815.5
96228.85156
95616.69531
95160.69531
94741.03906
94221.10938
93666.04688
93179.09375
92721.89063
92224.29688
91706.74219
91215.91406
90744.33594
90249.59375
89741.66406
89273.82031
88816
88319.16406
87819.77344
87351.75
86886.90625
86410.89844
85936.70313
85467.70313
84994.60938
84511.75781
84060.17969
83628.96094
83142.1875
82646.36719
82207.34375
81776.61719
81311.78125
80843.64063
80396.98438
79956.98438
79496.53125
79029.42969
78613.10156
78204.83594
77718.89063
77228.76563
76832.76563
76443.6875
75976.10156
75499.375
75076.65625
74667.95313
74259.52344
73810.76563
73360.77344
72962.95313
72572.28906
72131.21875
71683.64063
71246.8125
70866.28906
70484.625
70047.27344
69605.77344
69172.20313
68783.55469
68403.08594
68019.89844
67595.03906
67165.00781
66772.99219
66392.95313
66018.28125
65616.44531
65200.94141
64782.98828
64402.11328
64036.53516
63671.42969
63271.32422
62867.75
62469.73047
62097.96094
61730.3125
61356.83594
60969.12109
60585.16016
60217.91016
59853.82031
59484.04688
59110.59375
58740.46484
58375.29297
58010.77734
57645.83203
57284.64453
56928.59766
56569.98438
56206.38672
55846.84375
55497.33203
55150.38281
54799.52344
54446.11719
54092.34375
53739.17188
53387.28125
53044.27344
52708.25391
52374.75
52039.06641
51692.89453
51346.37109
51012.42188
50683.87109
50354.94922
50021.5
49689.17578
49360.27344
49033.16797
48704.82813
48378.22656
48056.81641
47737.40625
47415.20703
47093.69141
46776.29688
46461.625
46145.58984
45830.33984
45519.32031
45210.93359
44901.17969
44592.26172
44285.69141
43980.39844
43673.90234
43369.08203
43067.92188
42768.05469
42467.39063
42167.88672
41872.62891
41580.00391
41289.02734
40995.49219
40701.97656
40409.70313
40120.19531
39836.09766
39553.99219
39267.17969
38980.35938
38695.89453
38414.07031
38133.79688
37855.46875
37580.40234
37307.26172
37030.72266
36753.60938
36478.95703
36210.35547
35943.8125
35675.23828
35406.05859
35138.78516
34875.22656
34613.16797
34348.83203
34085.07813
33822.59375
33564.67188
33309.28125
33055.26953
32798.56641
32541.70313
32285.98828
32033.96289
31785.68555
31539.06055
31290.73633
31042.66211
30796.30664
30552.22266
30308.48242
30063.50586
29819.53711
29578.82813
29341.07031
29104.51758
28867.13867
28630.05273
28393.81836
28158.85156
27925.74805
27694.70703
27463.83789
27233.57227
27005.16797
26778.84375
26552.98047
26327.80664
26104.20508
25882.14844
25659.47656
25437.51563
25216.93555
24997.25195
24778.61133
24561.41211
24346.94727
24134.16406
23920.77539
23707.78516
23496.125
23285.35156
23074.75977
22865.21484
22656.94336
22450.55469
22246.13867
22042.88477
21838.32617
21634.21875
21431.51367
21232.26563
21035.05273
20837.8418
20640.33398
20443.37109
20246.90234
20051.36523
19857.32227
19666.55664
19477.40625
19286.23438
19094.71094
18904.81641
18717.27148
18530.09375
18343.57422
18158.58398
17974.25977
17789.24414
17605.48828
17424.24219
17244.20703
17064.22461
16885.13281
16707.19922
16530.74219
16354.92481
16178.91602
16004.08887
15832.19531
15659.92578
15487.11426
15314.39453
15138.375
14963.68457
14785.8916
14613.08008
14445.83594
14279.07227
14117.85059
13960.58398
13809.32324
13663.12012
13522.47949
13386.90234
13257.6709
13134.95898
13018.24023
12907.03613
12800.88477
12699.66504
12602.93066
12510.22363
12421.92773
12337.16016
12256.0918
12178.38281
12104.27441
12033.625
11966.18457
11901.74707
11840.13281
11781.18066
11724.74414
11670.68945
11618.8916
11569.23926
11521.62402
11475.9502
11432.12695
11390.06641
11349.68848
11310.91797
11273.68359
11237.91797
11203.55762
11170.54297
11138.81641
11108.32324
11079.01367
11050.83887
11023.75195
10997.70801
10972.66602
10948.58594
10925.42871
10903.15723
10881.73731
10861.13574
10841.31934
10822.25781
10803.92188
10786.2832
10769.31543
10752.99121
10737.28711
10722.17871
10707.64356
10693.65918
10680.2041
10667.25879
10654.80469
10642.82031
10631.29102
10620.19727
10609.52344
10599.25293
10589.37207
10579.86426
10570.71582
10561.91309
10553.44434
10545.29492
10537.4541
10529.91016
10522.65137
10515.66699
10508.94727
10502.48145
10496.26074
10490.27539
10484.5166
10478.97559
10473.64356
10468.51465
10463.5791
10458.83106
10454.2627
10449.86816
10445.6416
10441.57422
10437.66309
10433.89941
10430.2793
10426.79688
10423.44629
10420.22266
10417.12207
10414.13965
10411.26953
10408.50879
10405.85254
10403.29688
10400.83789
10398.47266
10396.19727
10394.00781
10391.90137
10389.875
10387.92481
10386.04785
10384.24316
10382.50586
10380.83398
10379.22559
10377.67871
10376.18945
10374.75586
10373.37695
10372.04981
10370.77148
10369.54297
10368.35938
10367.21973
10366.12402
10365.06836
10364.05273
10363.07422
10362.13281
10361.22656
10360.35352
10359.5127
10358.70313
10357.92285
10357.17188
10356.44824
10355.75098
10355.0791
10354.43164
10353.80762
10353.20703
10352.62695
10352.06836
10351.5293
10351.00879
10350.50781
10350.02344
10349.55664
10349.10547
10348.6709
10348.25
10347.84375
10347.45215
10347.07227
10346.70606
10346.35156
10346.00781
10345.67578
10345.35449
10345.04297
10344.74121
10344.44922
10344.16602
10343.89063
10343.62305
10343.36426
10343.11133
10342.86621
10342.62793
10342.39648
10342.16992
10341.94922
10341.73438
10341.52539
10341.32031
10341.12012
10340.92383
10340.73242
10340.54395
10340.36035
10340.17969
10340.00195
10339.82715
10339.65625
10339.48731
10339.32031
10339.15625
10338.99414
10338.83398
10338.67481
10338.51856
10338.36231
10338.20801
10338.05566
10337.90332
10337.75195
10337.60156
10337.45117
10337.30176
10337.15234
10337.00293
10336.85352
10336.70508
10336.55566
10336.40527
10336.25586
10336.10449
10335.95313
10335.80176
10335.64844
10335.49512
10335.33984
10335.18359
10335.02637
10334.86816
10334.70801
10334.54688
10334.38281
10334.21875
10334.05176
10333.88281
10333.71191
10333.54004
10333.36523
10333.1875
10333.00781
10332.82617
10332.6416
10332.45508
10332.26465
10332.07227
10331.87695
10331.67871
10331.47754
10331.27344
10331.06543
10330.85449
10330.63965
10330.42188
10330.20117
10329.97559
10329.74707
10329.51465
10329.27832
10329.03809
10328.79395
10328.5459
10328.29297
10328.03613
10327.77441
10327.50879
10327.23828
10326.96289
10326.68262
10326.39844
10326.1084
10325.81348
10325.51367
10325.20898
10324.89844
10324.58301
10324.26172
10323.93457
10323.60254
10323.26367
10322.91992
10322.56934
10322.21289
10321.85059
10321.48242
10321.10742
10320.72559
10320.33691
10319.94238
10319.54102
10319.13184
10318.7168
10318.29395
10317.86328
10317.42676
10316.98145
10316.5293
10316.06934
10315.60156
10315.12598
10314.64258
10314.15039
10313.65039
10313.1416
10312.625
10312.09961
10311.56445
10311.02148
10310.46973
10309.9082
10309.33789
10308.75781
10308.16797
10307.56934
10306.96094
10306.3418
10305.71387
10305.0752
10304.42578
10303.7666
10303.09668
10302.41504
10301.72363
10301.02148
10300.30762
10299.58301
10298.84668
10298.09863
10297.33984
10296.56836
10295.78516
10294.99023
10294.18262
10293.36231
10292.5293
10291.68457
10290.82617
10289.95508
10289.07031
10288.17285
10287.26172
10286.33691
10285.39844
10284.44531
10283.47852
10282.49805
10281.50195
10280.49219
10279.4668
10278.42773
10277.37305
10276.30273
10275.2168
10274.11621
10272.99902
10271.86621
10270.7168
10269.55176
10268.37012
10267.17188
10265.95703
10264.72461
10263.47559
10262.20898
10260.92481
10259.62402
10258.30371
10256.9668
10255.61133
10254.23731
10252.84473
10251.43359
10250.00293
10248.55371
10247.08496
10245.59766
10244.08984
10242.5625
10241.01563
10239.44824
10237.86035
10236.25195
10234.62305
10232.97266
10231.30176
10229.61035
10227.89648
10226.16113
10224.4043
10222.625
10220.82422
10219.00098
10217.15527
10215.28613
10213.39453
10211.48047
10209.54297
10207.58106
10205.59668
10203.58789
10201.55566
10199.49902
10197.41797
10195.3125
10193.18262
10191.02832
10188.84766
10186.64258
10184.41211
10182.15625
10179.875
10177.56738
10175.2334
10172.87402
10170.48731
10168.0752
10165.63574
10163.16895
10160.67578
10158.1543
10155.60645
10153.03125
10150.42773
10147.7959
10145.13672
10142.44922
10139.7334
10136.98926
10134.2168
10131.41504
10128.58398
10125.72363
10122.83496
10119.91602
10116.96875
10113.99023
10110.9834
10107.94531
10104.87793
10101.78027
10098.65137
10095.49316
10092.30371
10089.08398
10085.83203
10082.55078
10079.23731
10075.89258
10072.5166
10069.10938
10065.6709
10062.2002
10058.69727
10055.16309
10051.59668
10047.99805
10044.36816
10040.70508
10037.00977
10033.28125
10029.52051
10025.72754
10021.90137
10018.04297
10014.15137
10010.22656
10006.26856
10002.27734
9998.25293
9994.195313
9990.105469
9985.980469
9981.823242
9977.631836
9973.407227
9969.149414
9964.857422
9960.532227
9956.172852
9951.780273
9947.353516
9942.892578
9938.398438
9933.870117
9929.308594
9924.712891
9920.083008
9915.418945
9910.72168
9905.990234
9901.225586
9896.425781
9891.592773
9886.726563
9881.825195
9876.890625
9871.922852
9866.920898
9861.884766
9856.81543
9851.712891
9846.576172
9841.405273
9836.202148
9830.964844
9825.694336
9820.390625
9815.052734
9809.682617
9804.279297
9798.842773
9793.373047
9787.870117
9782.334961
9776.766602
9771.166016
9765.533203
9759.867188
9754.168945
9748.439453
9742.676758
9736.882813
9731.056641
9725.198242
9719.30957
9713.388672
9707.435547
9701.452148
9695.4375
9689.392578
9683.316406
9677.208984
9671.072266
9664.904297
9658.706055
9652.478516
9646.220703
9639.933594
9633.617188
9627.271484
9620.896484
9614.493164
9608.060547
9601.599609
9595.109375
9588.592773
9582.046875
9575.474609
9568.874023
9562.246094
9555.591797
9548.910156
9542.202148
9535.467773
9528.707031
9521.920898
9515.108398
9508.271484
9501.40918
9494.521484
9487.609375
9480.672852
9473.711914
9466.727539
9459.719727
9452.688477
9445.633789
9438.556641
9431.457031
9424.334961
9417.191406
9410.025391
9402.837891
9395.629883
9388.401367
9381.152344
9373.881836
9366.592773
9359.283203
9351.955078
9344.607422
9337.241211
9329.856445
9322.454102
9315.033203
9307.595703
9300.140625
9292.668945
9285.180664
9277.675781
9270.15625
9262.620117
9255.069336
9247.50293
9239.922852
9232.328125
9224.719727
9217.097656
9209.461914
9201.814453
9194.15332
9186.480469
9178.795898
9171.100586
9163.392578
9155.674805
9147.946289
9140.207031
9132.458008
9124.700195
9116.932617
9109.15625
9101.37207
9093.579102
9085.77832
9077.970703
9070.155273
9062.333008
9054.503906
9046.669922
9038.829102
9030.982422
9023.130859
9015.274414
9007.413086
8999.546875
8991.676758
8983.802734
8975.924805
8968.043945
8960.160156
