0
0
0
0
0
0
0
0
0
0
0
0
0
0
0
0
0
0
0
0
0
0
0
0
0
0
0
0
0
0
0
0
0
0
0
0
0
0
0
0
0
0
0
0
0
0
0
0
0
0
0
0
0
0
0
0
0
0
0
0
0
0
0
0
0
0
0
0
0
0
0
0
0
0
0
0
0
0
0
0
0
0
0
0
0
0
0
0
0
0
0
0
0
0
0
0
0
0
0
0
0
0
0
0
0
0
0
0
0
0
0
0
0
0
0
0
0
0
0
0
0
0
0
0
0
0
0
0
0
0
0
0
0
0
0
0
0
0
0
0
0
0
0
0
0
0
0
0
0
0
0
0
0
0
0
0
0
0
0
0
0
0
0
0
0
0
0
0
0
0
0
0
0
0
0
0
0
0
0
0
0
0
0
0
0
0
0
0
0
0
0
0
0
0
0
0
0
0
0
0
0
0
0
0
0
0
0
0
0
0
0
0
0
0
0
0
0
0
0
0
0
0
0
0
0
0
0
0
0
0
0
0
0
0
0
0
0
0
0
0
0
0
0
0
0
0
0
0
0
0
0
0
0
0
0
0
0
0
0
0
0
0
0
0
0
0
0
0
0
0
0
0
0
0
0
0
0
0
0
0
0
0
0
0
0
0
0
0
0
0
0
0
0
0
0
0
0
0
0
0
0
0
0
0
0
0
0
0
0
0
0
0
0
0
0
0
0
0
0
0
0
0
0
0
0
0
0
0
0
0
0
0
0
0
0
0
0
0
0
0
0
0
0
0
0
0
0
0
0
0
0
0
0
0
0
0
0
0
0
0
0
0
0
0
0
0
0
0
0
0
0
0
0
0
0
0
0
0
0
0
0
0
0
0
0
0
0
0
0
0
0
0
0
0
0
0
0
0
0
0
0
0
0
0
0
0
0
0
0
0
0
0
0
0
0
0
0
0
0
0
0
0
0
0
0
0
0
0
0
0
0
0
0
0
0
0
0
0
0
0
0
0
0
0
0
0
0
0
0
0
0
0
0
0
0
0
0
0
0
0
0
0
0
0
0.001981363
0.008599975
0.016922152
0.025006929
0.0385735
0.049426861
0.063277289
0.073350839
0.084328994
0.096083574
0.104608938
0.112490095
0.11944782
0.125292629
0.131420925
0.136713162
0.141353041
0.145482689
0.149215534
0.152615428
0.155719623
0.158569992
0.161200747
0.163642988
0.165936083
0.168057784
0.170053571
0.171930909
0.173685417
0.17540507
0.177014843
0.178525567
0.179946557
0.181285799
0.182550237
0.18374595
0.184878305
0.185952023
0.186971337
0.187940046
0.188861549
0.189738899
0.190574929
0.191372141
0.19213289
0.192859277
0.193553269
0.194216669
0.19485116
0.195458248
0.196039408
0.196595937
0.197129101
0.197640046
0.198129863
0.198599562
0.199050114
0.199482396
0.199897274
0.200295523
0.200677887
0.201045111
0.201397821
0.201736689
0.202062279
0.202375188
0.202675954
0.202965081
0.203243047
0.203510344
0.203767389
0.204014614
0.204252407
0.20448117
0.20470126
0.20491302
0.205116794
0.205312878
0.205501601
0.205683231
0.205858067
0.20602636
0.206188381
0.206344351
0.20649451
0.206639096
0.206778318
0.206912383
0.207041472
0.207165793
0.207285538
0.207400844
0.207511917
0.207618892
0.207721949
0.207821205
0.207916841
0.20800896
0.208097696
0.208183214
0.208265588
0.208344966
0.208421454
0.208495155
0.208566174
0.208634615
0.208700582
0.208764151
0.208825424
0.208884493
0.20894143
0.208996311
0.209049225
0.209100232
0.20914942
0.209196851
0.209242582
0.20928669
0.209329233
0.20937027
0.209409863
0.20944804
0.20948489
0.209520459
0.209554777
0.209587887
0.209619865
0.20965074
0.209680542
0.209709331
0.209737137
0.209764004
0.209789962
0.20981504
0.209839299
0.209862739
0.209885418
0.209907353
0.209928572
0.209949106
0.209968984
0.209988251
0.210006893
0.210024968
0.210042477
0.210059464
0.210075945
0.210091934
0.210107446
0.210122526
0.210137174
0.210151404
0.210165247
0.210178718
0.210191831
0.210204601
0.210217059
0.210229188
0.210241035
0.210252598
0.210263893
0.210274935
0.210285738
0.210296303
0.210306659
0.210316807
0.210326776
0.210336551
0.210346147
0.21035558
0.210364863
0.210374013
0.210383028
0.210391909
0.210400686
0.210409343
0.210417911
0.21042639
0.21043478
0.210443094
0.21045135
0.21045953
0.210467666
0.210475743
0.210483789
0.210491806
0.210499793
0.210507751
0.210515693
0.210523635
0.210531563
0.21053949
0.210547432
0.210555375
0.210563347
0.210571334
0.210579336
0.210587382
0.210595459
0.21060358
0.210611746
0.210619971
0.210628241
0.210636571
0.21064496
0.210653409
0.210661933
0.210670546
0.210679218
0.21068798
0.210696831
0.210705772
0.210714802
0.210723937
0.210733175
0.210742503
0.210751951
0.210761517
0.210771188
0.210780978
0.210790887
0.210800931
0.210811093
0.21082139
0.210831836
0.210842401
0.21085313
0.210863993
0.210875005
0.210886166
0.210897475
0.210908964
0.210920602
0.210932404
0.210944369
0.210956514
0.210968837
0.210981324
0.210994005
0.211006865
0.211019918
0.211033151
0.211046577
0.211060211
0.211074024
0.211088061
0.211102292
0.211116731
0.211131394
0.21114625
0.211161345
0.211176649
0.211192191
0.211207956
0.211223945
0.211240172
0.211256638
0.211273342
0.211290285
0.211307481
0.211324915
0.211342618
0.211360574
0.211378783
0.21139726
0.211416006
0.211435005
0.211454287
0.211473852
0.211493686
0.211513802
0.211534217
0.2115549
0.211575881
0.21159716
0.211618736
0.211640626
0.211662799
0.2116853
0.211708099
0.211731225
0.21175465
0.211778417
0.211802498
0.211826906
0.211851642
0.21187672
0.211902142
0.211927891
0.211953998
0.211980447
0.212007239
0.212034389
0.212061912
0.212089777
0.212118015
0.212146625
0.212175593
0.212204948
0.212234676
0.212264791
0.212295279
0.212326169
0.212357447
0.212389112
0.212421179
0.212453648
0.21248652
0.212519795
0.212553486
0.212587595
0.212622121
0.212657064
0.212692425
0.212728217
0.212764442
0.212801114
0.212838203
0.212875739
0.212913722
0.212952137
0.212991014
0.213030353
0.213070124
0.213110372
0.213151082
0.213192239
0.213233888
0.213275999
0.213318571
0.213361636
0.213405177
0.213449195
0.213493705
0.213538691
0.213584185
0.21363017
0.213676646
0.21372363
0.213771105
0.213819087
0.21386759
0.2139166
0.213966116
0.21401614
0.214066699
0.214117765
0.214169368
0.214221492
0.214274138
0.21432732
0.214381039
0.214435279
0.214490071
0.214545399
0.214601263
0.214657679
0.214714631
0.214772135
0.21483019
0.214888796
0.214947954
0.215007678
0.215067953
0.215128779
0.215190172
0.215252131
0.215314642
0.215377733
0.215441391
0.2155056
0.21557039
0.215635762
0.215701684
0.215768203
0.215835288
0.215902939
0.215971172
0.216039985
0.21610938
0.216179356
0.216249913
0.216321036
0.216392756
0.216465056
0.216537938
0.2166114
0.216685459
0.216760084
0.216835305
0.216911107
0.216987491
0.21706447
0.217142016
0.217220157
0.217298895
0.217378199
0.217458099
0.21753858
0.217619643
0.217701286
0.217783511
0.217866316
0.217949718
0.218033686
0.218118235
0.218203366
0.218289062
0.218375355
0.218462199
0.218549639
0.21863763
0.218726218
0.218815267
0.218904361
0.218993917
0.219084024
0.219174609
0.219265789
0.219357476
0.219449684
0.219542414
0.219635665
0.219729438
0.219823748
0.219918549
0.220013857
0.220109656
0.220205978
0.22030279
0.22040011
0.220497921
0.220596224
0.220695004
0.220794261
0.220893994
0.220994204
0.221094891
0.221196041
0.221297666
0.221399739
0.221502259
0.221605226
0.22170864
0.221812502
0.221916795
0.222021505
0.222126663
0.222232223
0.222338215
0.222444609
0.222551405
0.222658604
0.222766191
0.222874179
0.222982556
0.223091304
0.223200426
0.223309904
0.223419756
0.22352995
0.223640502
0.223751381
0.223862603
0.223974168
0.224086046
0.224198237
0.224310741
0.224423543
0.224536657
0.22465004
0.224763721
0.22487767
0.224991888
0.225106373
0.225221097
0.225336075
0.225451276
0.22556673
0.225682378
0.225798264
0.225914329
0.226030618
0.226147071
0.226263717
0.226380527
0.226497486
0.226614609
0.226731882
0.226849288
0.226966813
0.227084443
0.227202192
0.227320015
0.227437943
0.227555931
0.227673993
0.227792099
0.227910236
0.228028417
0.228146613
0.228264809
0.228383005
0.228501171
0.228619322
0.228737414
0.228855461
0.228973433
0.229091316
0.229209095
0.22932677
0.22944431
0.229561701
0.229678929
0.229795992
0.229912847
0.230029508
0.230145916
0.230262086
0.230377972
0.23049359
0.230608895
0.230723858
0.230838478
0.230952725
0.231066555
0.231179968
0.231292918
0.231405377
0.231517315
0.231628701
0.231739506
0.2318497
0.231959239
0.232068107
0.232176229
0.232283577
0.232390091
0.23249574
0.232600451
0.232704163
0.232806817
0.232908353
0.233008683
0.233107731
0.233205393
0.23330158
0.233396187
0.233489081
0.233580157
0.233669236
0.23375617
0.233840749
0.233922765
0.234001949
0.23407799
0.234150559
0.234219193
0.234283403
0.234342694
