0.996095538
0.99368161
0.991424918
0.98922801
0.987050474
0.984865248
0.982646167
0.980361104
0.977963865
0.975379646
0.972474277
0.96897614
0.964239299
0.956279516
0.939381778
0.921126366
0.905684769
0.892442703
0.881119907
0.871547878
0.863594532
0.857130647
0.85201323
0.848081112
0.845158219
0.84306258
0.841617644
0.840662837
0.84006089
0.839701772
0.839502037
0.83940208
0.839361429
0.839354038
0.839363992
0.839382052
0.839403152
0.839424551
0.839445174
0.839464366
0.839482129
0.83949846
0.83951354
0.839527369
0.839540124
0.839551985
0.839563012
0.839573324
0.83958298
0.83959204
0.839600563
0.83960855
0.83961612
0.839623332
0.839630067
0.839636505
0.839642525
0.839648306
0.83965373
0.839658856
0.839663804
0.839668453
0.839672923
0.839677215
0.839681327
0.839685321
0.839689136
0.839692831
0.839696348
0.839699745
0.839703023
0.839706123
0.839709163
0.839712024
0.839714825
0.839717507
0.83972013
0.839722633
0.839725077
0.839727402
0.839729607
0.839731753
0.839733779
0.839735687
0.839737535
0.839739382
0.839741111
0.839742839
0.839744568
0.839746237
0.839747846
0.839749455
0.839751005
0.839752495
0.839753985
0.839755356
0.839756787
0.839758158
0.839759469
0.83976084
0.839762151
0.839763403
0.839764714
0.839765966
0.839767158
0.839768291
0.839769423
0.839770496
0.839771509
0.839772463
0.839773417
0.839774251
0.839775085
0.83977592
0.839776695
0.839777529
0.839778304
0.839779139
0.839779973
0.839780748
0.839781582
0.839782417
0.839783192
0.839783967
0.839784741
0.839785457
0.839786112
0.839786768
0.839787364
0.83978796
0.839788556
0.839789093
0.839789689
0.839790285
0.839790821
0.839791417
0.839792013
0.83979255
0.839793146
0.839793682
0.839794278
0.839794815
0.839795351
0.839795887
0.839796424
0.839796901
0.839797378
0.839797854
0.839798272
0.839798689
0.839799106
0.839799464
0.839799881
0.839800239
0.839800656
0.839801013
0.839801431
0.839801788
0.839802146
0.839802504
0.839802861
0.839803159
0.839803517
0.839803874
0.839804173
0.83980453
0.839804947
0.839805305
0.839805663
0.839805961
0.839806318
0.839806616
0.839806855
0.839807153
0.839807391
0.83980763
0.839807868
0.839808166
0.839808404
0.839808702
0.839809
0.839809299
0.839809537
0.839809775
0.839810014
0.839810193
0.839810371
0.83981055
0.839810729
0.839810967
0.839811146
0.839811385
0.839811623
0.839811921
0.839812219
0.839812458
0.839812756
0.839812994
0.839813292
0.83981353
0.839813769
0.839814007
0.839814186
0.839814365
0.839814603
0.839814782
0.839814961
0.83981514
0.839815319
0.839815438
0.839815617
0.839815736
0.839815855
0.839815974
0.839816093
0.839816153
0.839816272
0.839816332
0.839816451
0.839816511
0.83981663
0.839816809
0.839816928
0.839817107
0.839817286
0.839817464
0.839817703
0.839817941
0.83981812
0.839818358
0.839818537
0.839818716
0.839818835
0.839818954
0.839819074
0.839819133
0.839819252
0.839819372
0.839819491
0.83981961
0.839819729
0.839819789
0.839819908
0.839820027
0.839820147
0.839820266
0.839820385
0.839820445
0.839820504
0.839820564
0.839820623
0.839820623
0.839820683
0.839820683
0.839820743
0.839820862
0.839820921
0.839821041
0.83982116
0.839821279
0.839821398
0.839821517
0.839821637
0.839821756
0.839821875
0.839821994
0.839822114
0.839822233
0.839822352
0.839822471
0.83982265
0.839822769
0.839822829
0.839822948
0.839823008
0.839823067
0.839823127
0.839823127
0.839823186
0.839823246
0.839823306
0.839823306
0.839823365
0.839823425
0.839823425
0.839823484
0.839823544
0.839823544
0.839823604
0.839823663
0.839823723
0.839823782
0.839823842
0.839823902
0.839823961
0.839824021
0.83982408
0.83982414
0.8398242
0.839824259
0.839824378
0.839824438
0.839824498
0.839824617
0.839824677
0.839824736
0.839824796
0.839824855
0.839824915
0.839824975
0.839824975
0.839825034
0.839825034
0.839825094
0.839825094
0.839825094
0.839825153
0.839825213
0.839825273
0.839825332
0.839825451
0.839825511
0.83982563
0.83982569
0.839825749
0.839825809
0.839825869
0.839825928
0.839825988
0.839826047
0.839826167
0.839826226
0.839826286
0.839826345
0.839826405
0.839826465
0.839826465
0.839826465
0.839826465
0.839826465
0.839826465
0.839826465
0.839826405
0.839826405
0.839826405
0.839826405
0.839826405
0.839826405
0.839826405
0.839826405
0.839826405
0.839826405
0.839826465
0.839826465
0.839826465
0.839826465
0.839826524
0.839826524
0.839826584
0.839826643
0.839826643
0.839826703
0.839826703
0.839826703
0.839826763
0.839826763
0.839826822
0.839826882
0.839827001
0.839827061
0.83982718
0.839827299
0.839827418
0.839827478
0.839827538
0.839827538
0.839827478
0.839827478
0.839827418
0.839827359
0.839827359
0.839827359
0.839827299
0.839827299
0.839827299
0.839827299
0.839827299
0.839827299
0.839827299
0.839827299
0.839827299
0.839827299
0.839827299
0.839827299
0.839827359
0.839827359
0.839827418
0.839827478
0.839827538
0.839827597
0.839827657
0.839827657
0.839827657
0.839827657
0.839827657
0.839827597
0.839827597
0.839827597
0.839827597
0.839827597
0.839827597
0.839827597
0.839827657
0.839827716
0.839827776
0.839827895
0.839827955
0.839828014
0.839828074
0.839828074
0.839828074
0.839828074
0.839828014
0.839827955
0.839827955
0.839827895
0.839827955
0.839827955
0.839827955
0.839828014
0.839828014
0.839828074
0.839828074
0.839828134
0.839828134
0.839828193
0.839828253
0.839828253
0.839828253
0.839828253
0.839828193
0.839828134
0.839828074
0.839828014
0.839828014
0.839828014
0.839828014
0.839828014
0.839828074
0.839828134
0.839828134
0.839828134
0.839828134
0.839828134
0.839828134
0.839828134
0.839828193
0.839828193
0.839828253
0.839828253
0.839828253
0.839828253
0.839828312
0.839828312
0.839828372
0.839828432
0.839828491
0.839828551
0.839828551
0.839828551
0.839828551
0.839828491
0.839828491
0.839828432
0.839828432
0.839828372
0.839828312
0.839828253
0.839828193
0.839828134
0.839828074
0.839828074
0.839828074
0.839828193
0.839828253
0.839828372
0.839828432
0.839828432
0.839828372
0.839828312
0.839828253
0.839828193
0.839828134
0.839828193
0.839828312
0.839828432
0.839828551
0.83982861
0.83982867
0.83982867
0.83982873
0.83982873
0.83982873
0.83982873
0.839828789
0.839828789
0.839828789
0.839828789
0.83982873
0.83982867
0.83982861
0.839828491
0.839828432
0.839828312
0.839828253
0.839828193
0.839828134
0.839828014
0.839827955
0.839827895
0.839827836
0.839827895
0.839827955
0.839828074
0.839828253
0.839828432
0.839828551
0.83982867
0.839828789
0.839828789
0.839828789
0.83982873
0.83982867
0.839828491
0.839828372
0.839828193
0.839828074
0.839827955
0.839827895
0.839827895
0.839827955
0.839828074
0.839828134
0.839828253
0.839828253
0.839828253
0.839828253
0.839828193
0.839828134
0.839828074
0.839828014
0.839827955
0.839827955
0.839827895
0.839827895
0.839827895
0.839827955
0.839828014
0.839828134
0.839828253
0.839828372
0.839828491
0.839828551
0.839828551
0.839828491
0.839828491
0.839828432
0.839828432
0.839828372
0.839828312
0.839828253
0.839828193
0.839828074
0.839827955
0.839827836
0.839827716
0.839827657
0.839827657
0.839827716
0.839827776
0.839827895
0.839828014
0.839828074
0.839828074
0.839828074
0.839828074
0.839828074
0.839828074
0.839828014
0.839827895
0.839827836
0.839827716
0.839827597
0.839827597
0.839827597
0.839827657
0.839827716
0.839827776
0.839827836
0.839827836
0.839827776
0.839827716
0.839827716
0.839827836
0.839827955
0.839828074
0.839828193
0.839828312
0.839828372
0.839828372
0.839828372
0.839828253
0.839828134
0.839828014
0.839827895
0.839827776
0.839827657
0.839827597
0.839827538
0.839827597
0.839827597
0.839827597
0.839827597
0.839827597
0.839827597
0.839827538
0.839827597
0.839827597
0.839827597
0.839827538
0.839827478
0.839827418
0.839827299
0.83982724
0.83982724
0.839827299
0.839827299
0.839827359
0.839827418
0.839827418
0.839827478
0.839827597
0.839827657
0.839827776
0.839827836
0.839827895
0.839827895
0.839827836
0.839827776
0.839827657
0.839827538
0.839827478
0.839827418
0.839827418
0.839827478
0.839827478
0.839827418
0.83982724
0.83982712
0.839827001
0.839827001
0.839827001
0.83982712
0.83982718
0.83982718
0.83982724
0.83982724
0.839827299
0.839827418
0.839827538
0.839827716
0.839827836
0.839827895
0.839827955
0.839828014
0.839827955
0.839827895
0.839827776
0.839827657
0.839827597
0.839827597
0.839827597
0.839827597
0.839827538
0.839827597
0.839827657
0.839827657
0.839827597
0.839827478
0.839827359
0.83982724
0.83982718
0.839827001
0.839826822
0.839826703
0.839826524
0.839826465
0.839826465
0.839826524
0.839826524
0.839826643
0.839826703
0.839826763
0.839826822
0.839826822
0.839826822
0.839826882
0.839826882
0.839827001
0.839827061
0.83982712
0.83982712
0.839827061
0.839827001
0.839826882
0.839826822
0.839826822
0.839826882
0.839827001
0.83982712
0.83982724
0.83982718
0.83982712
0.839827001
0.839826822
0.839826763
0.839826703
0.839826584
0.839826584
0.839826643
0.839826643
0.839826763
0.839826882
0.839826882
0.839826822
0.839826763
0.839826763
0.839826822
0.839826822
0.839826763
0.839826703
0.839826524
0.839826584
0.839826643
0.839826465
0.839826405
0.839826405
0.839826286
0.839826345
0.839826286
0.839826047
0.839825988
0.839825928
0.839825809
0.839826107
0.839826345
0.839826465
0.839826763
0.839826882
0.839826822
0.839826763
0.839826584
0.839826465
0.839826465
0.839826286
0.839826167
0.839826226
0.839826167
0.839826107
0.839825988
0.839825869
0.839826286
0.839826465
0.839826167
0.839826226
0.839826167
0.839825809
0.839825869
0.839825571
0.839825153
0.839825213
0.839825034
0.839824975
0.839825511
0.83982569
0.83982569
0.839826107
0.839825988
0.83982569
0.839825749
0.83982563
0.839825869
0.839826226
0.839825988
0.839826226
0.839826405
0.839826167
0.839826345
0.839825988
0.839825511
0.839826167
0.839825869
0.83982563
0.839826226
0.839825809
0.839825571
0.839826345
0.839825928
0.839825749
0.839826524
0.839825809
0.839825571
0.839826167
0.839825511
0.839825153
0.839825273
0.839824796
0.839825213
0.839825511
0.839824796
0.839825392
0.839825928
0.839825273
0.839825571
0.839824796
0.839824438
0.839825451
0.839824677
0.8398242
0.839825869
0.839824677
0.839824259
0.839825988
0.839824677
0.839824796
0.839826822
0.839824736
0.839825273
0.839826405
0.839824557
0.83982563
0.839827001
0.839825332
0.83982563
0.839825869
0.839824498
0.839826047
0.839826524
0.839824855
0.839825869
0.83982563
0.839824259
0.839825809
0.839823306
0.83982414
0.83982724
0.839823425
0.839825213
0.839827895
0.839824498
0.839827657
0.839829922
0.839812219
0.83974576
0.787639499
0.653800428
0.595837176
0.564004362
0.54385525
0.529910028
0.519645631
0.511740267
0.505435646
0.500266135
0.495930374
0.492224604
0.489006341
0.486172974
0.483648688
0.48137635
0.479312092
0.477421641
0.475677848
0.474058956
0.472547263
0.471128285
0.469789982
0.4685224
0.467317104
0.466167003
0.465066016
0.464008987
0.462991446
0.46200946
0.46105966
0.460139066
0.459245056
0.458375305
0.457527786
0.456700683
0.455892384
0.45510143
0.4543266
0.45356667
0.452820629
0.452087492
0.451366425
0.450656593
0.449957311
0.449267924
0.448587805
0.447916418
0.447253257
0.446597844
0.445949763
0.445308626
0.444674134
0.444045961
0.443423808
0.442807287
0.442196131
0.441590101
0.440988958
0.440392494
0.43980056
0.439212978
0.438629538
0.438050061
0.43747437
0.436902344
0.436333835
0.435768694
0.43520689
0.434648216
0.434092581
0.433539867
0.432989985
0.432442784
0.431898206
0.431356221
0.43081677
0.430279762
0.429745138
0.429212838
0.428682715
0.428154737
0.427628875
0.427105069
0.42658329
0.426063418
0.425545394
0.425029188
0.424514741
0.424002051
0.423491091
0.422981828
0.422474235
0.421968251
0.421463758
0.420960784
0.42045927
0.419959217
0.419460595
0.418963343
0.418467462
0.417972922
0.417479694
0.416987777
0.416497201
0.416007876
0.415519804
0.415032953
0.414547265
0.414062768
0.413579345
0.413097054
0.412615836
0.41213569
0.411656648
0.411178738
0.410701901
0.410226047
0.409751177
0.40927726
0.408804297
0.408332348
0.407861352
0.40739125
0.406922042
0.406453609
0.405986011
0.405519247
0.405053377
0.404588372
0.40412426
0.403660983
0.40319851
0.402736813
0.402275831
0.401815563
0.401356041
0.400897235
0.400439262
0.399982035
0.399525493
0.399069697
0.398614556
0.3981601
0.3977063
0.397253156
0.396800637
0.396348745
0.395897418
0.395446628
0.394996405
0.394546777
0.394097775
0.393649459
0.393201798
0.392754644
0.392308027
0.391861886
0.391416252
0.390971124
0.390526503
0.390082389
0.389638692
0.389195412
0.38875255
0.388310134
0.387868166
0.387426585
0.386985421
0.386544734
0.386104405
0.385664374
0.38522464
0.384785265
0.384346217
0.383907467
0.383469105
0.3830311
0.382593304
0.382155746
0.381718487
0.381281465
0.380844653
0.380408019
0.379971594
0.379535347
0.37909919
0.378663123
0.378227115
0.377791166
0.377355397
0.376919836
0.376484424
0.376049072
0.375613749
0.375178427
0.374743015
0.374307454
0.373871744
0.373436034
0.373000234
0.372564197
0.37212804
0.371691704
0.37125507
0.370818079
0.370380938
0.369943678
0.369506031
0.369067788
0.368629128
0.368190169
0.367750734
0.367310703
0.366870254
0.36642924
0.365987509
0.365545064
0.365101963
0.364658087
0.364213318
0.363767534
0.363320798
0.362873137
0.362424374
0.361974627
0.361523926
0.361071914
0.360618353
0.36016345
0.359707236
0.359249264
0.358789176
0.358327448
0.357864201
0.357398897
0.356931329
0.356461763
0.355989814
0.355515033
0.35503751
0.354557574
0.354074955
0.353588969
0.353099316
0.352606267
0.352109611
0.351608813
0.351103663
0.350594312
0.350080252
0.349560767
0.349035591
0.348505199
0.347968817
0.347425014
0.346874267
0.346316665
0.34575057
0.345175415
0.344591081
0.34399721
0.343391627
0.342774272
0.3421444
0.341500491
0.340841442
0.340165734
0.33947292
0.338761002
0.338026524
0.337268025
0.336484969
0.335672528
0.334827274
0.333947033
0.333027631
0.332063198
0.331047177
0.329973936
0.328836322
0.32762301
0.326322019
0.32491985
0.323400229
0.321738929
0.319909155
0.317875922
0.315593392
0.312997431
0.310005218
0.306500345
0.302313894
0.297190279
0.290731102
0.282279372
0.270619333
0.253293484
0.224531129
0.165141448
0
0
0
0
0
0
0
0
0
0
0
0
0
0
0
0
0
0
0
0
0
0
0
0
0
0
0
0
0
0
0
0
0
0
0
0
0
0
0
0
0
0
0
0
0
0
0
0
0
0
0
0
0
0
0
0
0
0
0
0
0
0
0
0
0
0
0
0
0
0
0
0
0
0
0
0
0
0
0
0
0
0
0
0
0
0
0
0
0
0
0
0
0
0
0
0
0
0
0
0
0
0
0
0
0
0
0
0
0
0
0
0
0
0
0
0
0
0
0
0
0
0
0
0
0
0
0
0
0
0
0
0
0
0
0
0
0
0
0
0
0
0
0
0
0
0
0
0
0
0
0
0
0
0
0
0
0
0
0
0
0
0
0
0
0
0
0
0
0
0
0
0
0
0
0
0
0
0
0
0
0
0
0
0
0
0
0
0
0
0
0
0
0
0
0
0
0
0
0
0
0
0
0
0
0
0
0
0
0
0
0
0
0
0
0
0
0
0
0
0
0
0
0
0
0
0
0
0
0
0
0
0
0
0
0
0
0
0
0
0
0
0
0
0
0
0
0
0
0
0
0
0
0
0
0
0
0
0
0
0
0
0
0
0
0
0
0
0
0
0
0
0
0
0
0
0
0
0
0
0
0
0
0
0
0
0
0
0
0
0
0
0
0
0
0
0
0
0
0
0
0
0
0
0
0
0
0
0
0
0
0
0
0
0
0
0
0
0
0
0
0
0
0
0
0
0
0
0
0
0
0
0
0
0
0
0
0
0
0
0
0
0
0
0
0
0
0
0
0
0
0
0
0
0
0
0
0
0
0
0
0
0
0
0
0
0
0
0
0
0
0
0
0
0
0
0
0
0
0
0
0
0
0
0
0
0
0
0
0
0
0
0
0
0
0
0
0
0
0
0
0
0
0
0
0
0
0
0
0
0
0
0
0
0
0
0
0
0
0
0
0
0
0
0
0
0
0
0
0
0
0
0
0
0
0
0
0
0
0
0
0
0
0
0
0
0
0
0
0
0
0
0
0
0
0
0
0
0
0
0
0
0
0
0
0
0
0
0
0
0
0
0
0
0
0
0
0
0
0
0
0
0
0
0
0
0
0
0
0
0
0
0
0
0
0
0
0
0
0
0
0
0
0
0
0
0
0
0
0
0
0
0
0
0
0
0
0
0
0
0
0
0
0
0
0
0
0
0
0
0
0
0
0
0
0
0
0
0
0
0
0
0
0
0
0
0
0
0
0
0
0
0
0
0
0
0
0
0
0
0
0
0
0
0
0
0
0
0
0
0
0
0
0
0
0
0
0
0
0
0
0
0
0
0
0
0
0
0
0
0
0
0
0
0
0
0
0
0
0
0
0
0
0
0
0
0
0
0
0
0
0
0
0
0
0
0
0
0
0
0
0
0
0
0
0
0
0
0
0
0
0
0
0
0
0
0
0
0
0
0
0
0
0
0
0
0
0
0
0
0
0
0
0
0
0
0
0
0
0
0
0
0
0
0
0
0
0
0
0
0
0
0
0
0
0
0
0
0
0
0
0
0
0
0
0
0
0
0
0
0
0
0
0
0
0
0
0
0
0
0
0
0
0
0
0
0
0
0
0
0
0
0
0
0
0
0
0
0
0
0
0
0
0
0
0
0
0
0
0
0
0
0
0
0
0
0
0
0
0
0
0
0
0
0
0
0
0
0
0
0
0
0
0
0
0
0
0
0
0
0
0
0
0
0
0
0
0
0
0
0
0
0
0
0
0
0
0
0
0
0
0
0
0
0
0
0
0
0
0
0
0
0
0
0
0
0
0
0
0
0
0
0
0
0
0
0
0
0
0
0
0
0
0
0
0
0
0
0
0
0
0
0
0
0
0
0
0
0
0
0
0
0
0
0
0
0
0
0
0
0
0
0
0
0
0
0
0
0
0
0
0
0
0
0
0
0
0
0
0
0
0
0
0
0
0
0
0
0
0
0
0
0
0
0
0
0
0
0
0
0
0
0
0
0
0
0
0
0
0
0
0
0
0
0
0
0
0
0
0
0
0
0
0
0
0
0
0
0
0
0
0
0
0
0
0
0
0
0
0
0
0
0
0
0
0
0
0
0
0
0
0
0
0
0
0
0
0
0
0
0
0
0
0
0
0
0
0
0
0
0
0
0
0
0
0
0
0
0
0
0
0
0
0
0
0
0
0
0
0
0
0
0
0
0
0
0
0
0
0
0
0
0
0
0
0
0
0
0
0
0
0
0
0
0
0
0
0
0
0
0
0
0
0
0
0
0
0
0
0
0
0
0
0
0
0
0
0
0
0
0
0
0
0
0
0
0
0
0
0
0
0
0
0
0
0
0
0
0
0
0
0
0
0
0
0
0
0
0
0
0
0
0
0
0
0
0
0
0
0
0
0
0
0
0
0
0
0
0
0
0
0
0
0
0
0
0
0
0
0
0
0
0
0
0
0
0
0
0
0
0
0
0
0
0
0
0
0
0
0
0
0
0
0
0
0
0
0
0
0
0
0
0
0
0
0
0
0
0
0
0
0
0
0
0
0
0
0
0
0
0
0
0
0
0
0
0
0
0
0
0
0
0
0
0
0
0
0
0
0
0
0
0
0
0
0
0
0
0
0
0
0
0
0
0
0
0
0
0
0
0
0
0
0
0
0
0
0
0
0
0
0
0
0
0
0
0
0
0
0
0
0
0
0
0
0
0
0
0
0
0
0
0
0
0
0
0
0
0
0
0
0
0
0
0
0
0
0
0
0
0
0
0
0
0
0
0
0
0
0
0
0
0
0
0
0
0
0
0
0
0
0
0
0
0
0
0
0
0
0
0
0
0
0
0
0
0
0
0
0
0
0
0
0
0
0
0
0
0
0
0
0
0
0
0
0
0
0
0
0
0
0
0
0
0
0
0
0
0
0
0
0
0
0
0
0
0
0
0
0
0
0
0
0
0
0
0
0
0
0
0
0
0
0
0
0
0
0
0
0
0
0
0
0
0
0
0
0
0
0
0
0
0
0
0
0
0
0
0
0
0
0
0
0
0
0
0
0
0
0
0
0
0
0
0
0
0
0
0
0
0
0
0
0
0
0
0
0
0
0
0
0
0
0
0
0
0
0
0
0
0
0
0
0
0
0
0
0
0
0
0
0
0
0
0
0
0
0
0
0
0
0
0
0
0
0
0
0
0
0
0
0
0
0
0
0
0
0
0
0
0
0
0
0
0
0
0
0
0
0
0
0
0
0
0
0
0
0
0
0
0
0
0
0
0
0
0
0
0
0
0
0
0
0
0
0
0
0
0
0
0
0
0
0
0
0
0
0
0
0
0
0
0
0
0
0
0
0
0
0
0
0
0
0
0
0
0
0
0
0
0
0
0
0
0
0
0
0
0
0
0
0
0
0
0
0
0
0
0
0
0
0
0
0
0
0
0
0
0
0
0
0
0
0
0
0
0
0
0
0
0
0
0
0
0
0
0
0
0
0
0
0
0
0
0
0
0
0
0
0
0
0
0
0
0
0
0
0
0
0
0
0
0
0
0
0
0
0
0
0
0
0
0
0
0
0
0
0
0
0
0
0
0
0
0
0
0
0
0
0
0
0
0
0
0
0
0
0
0
0
0
0
0
0
0
0
0
0
0
0
0
0
0
0
0
0
0
0
0
0
0
0
0
0
0
0
0
0
0
0
0
0
0
0
0
0
0
0
0
0
0
0
0
0
0
0
0
0
0
0
0
0
0
0
0
0
0
0
0
0
0
0
0
0
0
0
0
0
0
0
0
0
0
0
0
0
0
0
0
0
0
0
0
0
0
0
0
0
0
0
0
0
0
0
0
0
0
0
0
0
0
0
0
0
0
0
0
0
0
0
0
0
0
0
0
0
0
0
0
0
0
0
0
0
0
0
0
0
0
0
0
0
0
0
0
0
0
0
0
0
0
0
0
0
0
0
0
0
0
0
0
0
0
0
0
0
0
0
0
0
0
0
0
0
0
0
0
0
0
0
0
0
0
0
0
0
0
0
0
0
0
0
0
0
0
0
0
0
0
0
0
0
0
0
0
0
0
0
0
0
0
0
0
0
0
0
0
0
0
0
0
0
0
0
0
0
0
0
0
0
0
0
0
0
0
0
0
0
0
0
0
0
0
0
0
0
0
0
0
0
0
0
0
0
0
0
0
0
0
0
0
0
0
0
0
0
0
0
0
0
0
0
0
0
0
0
0
0
0
0
0
0
0
0
0
0
0
0
0
0
0
0
0
0
0
0
0
0
0
0
0
0
0
0
0
0
0
0
0
0
0
0
0
0
0
0
0
0
0
0
0
0
0
0
0
0
0
0
0
0
0
0
0
0
0
0
0
0
0
0
0
0
0
0
0
0
0
0
0
0
0
0
0
0
0
0
0
0
0
0
0
0
0
0
0
0
0
0
0
0
0
0
0
0
0
0
0
0
0
0
0
0
0
0
0
0
0
0
0
0
0
0
0
0
0
0
0
0
0
0
0
0
0
0
0
0
0
0
0
0
0
0
0
0
0
0
0
0
0
0
0
0
0
0
0
0
0
0
0
0
0
0
0
0
0
0
0
0
0
0
0
0
0
0
0
0
0
0
0
0
0
0
0
0
0
0
0
0
0
0
0
0
0
0
0
0
0
0
0
0
0
0
0
0
0
0
0
0
0
0
0
0
0
0
0
0
0
0
0
0
0
0
0
0
0
0
0
0
0
0
0
0
0
0
0
0
0
0
0
0
0
0
0
0
0
0
0
0
0
0
0
0
0
0
0
0
0
0
0
0
0
0
0
0
0
0
0
0
0
0
0
0
0
0
0
0
0
0
0
0
0
0
0
0
0
0
0
0
0
0
0
0
0
0
0
0
0
0
0
0
0
0
0
0
0
0
0
0
0
0
0
0
0
0
0
0
0
0
0
0
0
0
0
0
0
0
0
0
0
0
0
0
0
0
0
0
0
0
0
0
0
0
0
0
0
0
0
0
0
0
0
0
0
0
0
0
0
0
0
0
0
0
0
0
0
0
0
0
0
0
0
0
0
0
0
0
0
0
0
0
0
0
0
0
0
0
0
0
0
0
0
0
0
0
0
0
0
0
0
0
0
0
0
0
0
0
0
0
0
0
0
0
0
0
0
0
0
0
0
0
0
0
0
0
0
0
0
0
0
0
0
0
0
0
0
0
0
0
0
0
0
0
0
0
0
0
0
0
0
0
0
0
0
0
0
0
0
0
0
0
0
0
0
0
0
0
0
0
0
0
0
0
0
0
0
0
0
0
0
0
0
0
0
0
0
0
0
0
0
0
0
0
0
0
0
0
0
0
0
0
0
0
0
0
0
0
0
0
0
0
0
0
0
0
0
0
0
0
0
0
0
0
0
0
0
0
0
0
0
0
0
0
0
0
0
0
0
0
0
0
0
0
0
0
0
0
0
0
0
0
0
0
0
0
0
0
0
0
0
0
0
0
0
0
0
0
0
0
0
0
0
0
0
0
0
0
0
0
0
0
0
0
0
0
0
0
0
0
0
0
0
0
0
0
0
0
0
0
0
0
0
0
0
0
0
0
0
0
0
0
0
0
0
0
0
0
0
0
0
0
0
0
0
0
0
0
0
0
0
0
0
0
0
0
0
0
0
0
0
0
0
0
0
0
0
0
0
0
0
0
0
0
0
0
0
0
0
0
0
0
0
0
0
0
0
0
0
0
0
0
0
0
0
0
0
0
0
0
0
0
0
0
0
0
0
0
0
0
0
0
0
0
0
0
0
0
0
0
0
0
0
0
0
0
0
0
0
0
0
0
0
0
0
0
0
0
0
0
0
0
0
0
0
0
0
0
0
0
0
0
0
0
0
0
0
0
0
0
0
0
0
0
0
0
0
0
0
0
0
0
0
0
0
0
0
0
0
0
0
0
0
0
0
0
0
0
0
0
0
0
0
0
0
0
0
0
0
0
0
0
0
0
0
0
0
0
0
0
0
0
0
0
0
0
0
0
0
0
0
0
0
0
0
0
0
0
0
0
0
0
0
0
0
0
0
0
0
0
0
0
0
0
0
0
0
0
0
0
0
0
0
0
0
0
0
0
0
0
0
0
0
0
0
0
0
0
0
0
0
0
0
0
0
0
0
0
0
0
0
0
0
0
0
0
0
0
0
0
0
0
0
0
0
0
0
0
0
0
0
0
0
0
0
0
0
0
0
0
0
0
0
0
0
0
0
0
0
0
0
0
0
0
0
0
0
0
0
0
0
0
0
0
0
0
0
0
0
0
0
0
0
0
0
0
0
0
0
0
0
0
0
0
0
0
0
0
0
0
0
0
0
0
0
0
0
0
0
0
0
0
0
0
0
0
0
0
0
0
0
0
0
0
0
0
0
0
0
0
0
0
0
0
0
0
0
0
0
0
0
0
0
0
0
0
0
0
0
0
0
0
0
0
0
0
0
0
0
0
0
0
0
0
0
0
0
0
0
0
0
0
0
0
0
0
0
0
0
0
0
0
0
0
0
0
0
0
0
0
0
0
0
0
0
0
0
0
0
0
0
0
0
0
0
0
0
0
0
0
0
0
0
0
0
0
0
0
0
0
0
0
0
0
0
0
0
0
0
0
0
0
0
0
0
0
0
0
0
0
0
0
0
0
0
0
0
0
0
0
0
0
0
0
0
0
0
0
0
0
0
0
0
0
0
0
0
0
0
0
0
0
0
0
0
0
0
0
0
0
0
0
0
0
0
0
0
0
0
0
0
0
0
0
0
0
0
0
0
0
0
0
0
0
0
0
0
0
0
0
0
0
0
0
0
0
0
0
0
0
0
0
0
0
0
0
0
0
0
0
0
0
0
0
0
0
0
0
0
0
0
0
0
0
0
0
0
0
0
0
0
0
0
0
0
0
0
0
0
0
0
0
0
0
0
0
0
0
0
0
0
0
0
0
0
0
0
0
0
0
0
0
0
0
0
0
0
0
0
0
0
0
0
0
0
0
0
0
0
0
0
0
0
0
0
0
0
0
0
0
0
0
0
0
0
0
0
0
0
0
0
0
0
0
0
0
0
0
0
0
0
0
0
0
0
0
0
0
0
0
0
0
0
0
0
0
0
0
0
0
0
0
0
0
0
0
0
0
0
0
0
0
0
0
0
0
0
0
0
0
0
0
0
0
0
0
0
0
0
0
0
0
0
0
0
0
0
0
0
0
0
0
0
0
0
0
0
0
0
0
0
0
0
0
0
0
0
0
0
0
0
0
0
0
0
0
0
0
0
0
0
0
0
0
0
0
0
0
0
0
0
0
0
0
0
0
0
0
0
0
0
0
0
0
0
0
0
0
0
0
0
0
0
0
0
0
0
0
0
0
0
0
0
0
0
0
0
0
0
0
0
0
0
0
0
0
0
0
0
0
0
0
0
0
0
0
0
0
0
0
0
0
0
0
0
0
0
0
0
0
0
0
0
0
0
0
0
0
0
0
0
0
0
0
0
0
0
0
0
0
0
0
0
0
0
0
0
0
0
0
0
0
0
0
0
0
0
0
0
0
0
0
0
0
0
0
0
0
0
0
0
0
0
0
0
0
0
0
0
0
0
0
0
0
0
0
0
0
0
0
0
0
0
0
0
0
0
0
0
0
0
0
0
0
0
0
0
0
0
0
0
0
0
0
0
0
0
0
0
0
0
0
0
0
0
0
0
0
0
0
0
0
0
0
0
0
0
0
0
0
0
0
0
0
0
0
0
0
0
0
0
0
0
0
0
0
0
0
0
0
0
0
0
0
0
0
0
0
0
0
0
0
0
0
0
0
0
0
0
0
0
0
0
0
0
0
0
0
0
0
0
0
0
0
0
0
0
0
0
0
0
0
0
0
0
0
0
0
0
0
0
0
0
0
0
0
0
0
0
0
0
0
0
0
0
0
0
0
0
0
0
0
0
0
0
0
0
0
0
0
0
0
0
0
0
0
0
0
0
0
0
0
0
0
0
0
0
0
0
0
0
0
0
0
0
0
0
0
0
0
0
0
0
0
0
0
0
0
0
0
0
0
0
0
0
0
0
0
0
0
0
0
0
0
0
0
0
0
0
0
0
0
0
0
0
0
0
0
0
0
0
0
0
0
0
0
0
0
0
0
0
0
0
0
0
0
0
0
0
0
0
0
0
0
0
0
0
0
0
0
0
0
0
0
0
0
0
0
0
0
0
0
0
0
0
0
0
0
0
0
0
0
0
0
0
0
0
0
0
0
0
0
0
0
0
0
0
0
0
0
0
0
0
0
0
0
0
0
0
0
0
0
0
0
0
0
0
0
0
0
0
0
0
0
0
0
0
0
0
0
0
0
0
0
0
0
0
0
0
0
0
0
0
0
0
0
0
0
0
0
0
0
0
0
0
0
0
0
0
0
0
0
0
0
0
0
0
0
0
0
0
0
0
0
0
0
0
0
0
0
0
0
0
0
0
0
0
0
0
0
0
0
0
0
0
0
0
0
0
0
0
0
0
0
0
0
0
0
0
0
0
0
0
0
0
0
0
0
0
0
0
0
0
0
0
0
0
0
0
0
0
0
0
0
0
0
0
0
0
0
0
0
0
0
0
0
0
0
0
0
0
0
0
0
0
0
0
0
0
0
0
0
0
0
0
0
0
0
0
0
0
0
0
0
0
0
0
0
0
