0
0
0
0
0
0
0
0
0
0
0
0
0
0
0
0
0
0
0
0
0
0
0
0
0
0
0
0
0
0
0
0
0
0
0
0
0
0
0
0
0
0
0
0
0
0
0
0
0
0
0
0
0
0
0
0
0
0
0
0
0
0
0
0
0
0
0
0
0
0
0
0
0
0
0
0
0
0
0
0
0
0
0
0
0
0
0
0
0
0
0
0
0
0
0
0
0
0
0
0
0
0
0
0
0
0
0
0
0
0
0
0
0
0
0
0
0
0
0
0
0
0
0
0
0
0
0
0
0
0
0
0
0
0
0
0
0
0
0
0
0
0
0
0
0
0
0
0
0
0
0
0
0
0
0
0
0
0
0
0
0
0
0
0
0
0
0
0
0
0
0
0
0
0
0
0
0
0
0
0
0
0
0
0
0
0
0
0
0
0
0
0
0
0
0
0
0
0
0
0
0
0
0
0
0
0
0
0
0
0
0
0
0
0
0
0
0
0
0
0
0
0
0
0
0
0
0
0
0
0
0
0
0
0
0
0
0
0
0
0
0
0
0
0
0
0
0
0
0
0
0
0
0
0
0
0
0
0
0
0
0
0
0
0
0
0
0
0
0
0
0
0
0
0
0
0
0
0
0
0
0
0
0
0
0
0
0
0
0
0
0
0
0
0
0
0
0
0
0
0
0
0
0
0
0
0
0
0
0
0
0
0
0
0
0
0
0
0
0
0
0
0
0
0
0
0
0
0
0
0
0
0
0
0
0
0
0
0
0
0
0
0
0
0
0
0
0
0
0
0
0
0
0
0
0
0
0
0
0
0
0
0
0
0
0
0
0
0
0
0
0
0
0
0
0
0
0
0
0
0
0
0
0
0
0
0
0
0
0
0
0
0
0
0
0
0
0
0
0
0
0
0
0.006126529
0.01740407
0.015964523
0.010597002
0.037177987
0.041613773
0.036451228
0.053074341
0.058976151
0.067639276
0.072092719
0.079429612
0.085982092
0.091656476
0.096657686
0.101653673
0.105851784
0.109552458
0.113204315
0.11685589
0.119684003
0.122964479
0.12554796
0.128301531
0.130889311
0.133266538
0.135477304
0.137534946
0.139458716
0.141260907
0.142951936
0.144544855
0.146045342
0.147459462
0.148797855
0.150064379
0.151263446
0.152400583
0.153480276
0.154505506
0.155479938
0.156407595
0.157290995
0.158132106
0.158933893
0.159698933
0.160429195
0.161126316
0.161791891
0.162427992
0.163036019
0.163617313
0.164173618
0.164705813
0.165215075
0.165702969
0.166170061
0.166617259
0.16704613
0.167457014
0.167850509
0.168228194
0.168590263
0.168937147
0.169270217
0.169589773
0.169896066
0.170190066
0.170472607
0.170743436
0.171003163
0.171252981
0.171492845
0.17172277
0.171943635
0.17215614
0.172360122
0.172555745
0.172743812
0.172924742
0.173098251
0.173264921
0.173425332
0.173579246
0.173727185
0.173869371
0.174005866
0.174137279
0.174263582
0.174384743
0.174501345
0.17461361
0.174721211
0.174824715
0.174924508
0.175020412
0.17511256
0.175201133
0.175286263
0.175368086
0.175446734
0.175522327
0.175595
0.175664857
0.175732017
0.175796583
0.175858662
0.175918341
0.175975725
0.176030904
0.176083967
0.176134974
0.176184043
0.17623122
0.17627658
0.17632021
0.176362172
0.176402539
0.176441357
0.176478699
0.176514611
0.176549152
0.176582381
0.176614359
0.1766451
0.176674694
0.17670317
0.176730558
0.176756918
0.17678228
0.176806673
0.176830173
0.176852778
0.176874533
0.176895469
0.176915631
0.176935047
0.176953733
0.176971734
0.176989064
0.177005738
0.177021816
0.177037299
0.177052215
0.177066594
0.177080438
0.177093789
0.177106649
0.177119046
0.177131012
0.177142546
0.177153677
0.177164406
0.177174762
0.177184761
0.177194417
0.17720373
0.17721273
0.177221432
0.177229837
0.177237958
0.177245826
0.177253425
0.177260786
0.177267909
0.177274808
0.177281484
0.177287966
0.177294239
0.177300334
0.17730625
0.177312002
0.17731759
0.177323014
0.177328289
0.177333429
0.177338436
0.177343324
0.177348077
0.177352726
0.177357256
0.177361682
0.177366018
0.177370265
0.177374423
0.177378505
0.177382499
0.177386433
0.177390292
0.177394092
0.177397832
0.177401513
0.177405149
0.17740874
0.177412286
0.177415788
0.17741926
0.177422702
0.177426115
0.177429497
0.177432865
0.177436218
0.177439541
0.177442864
0.177446172
0.177449465
0.177452773
0.177456066
0.177459374
0.177462667
0.17746599
0.177469298
0.177472636
0.177475974
0.177479342
0.177482724
0.177486122
0.177489549
0.177492991
0.177496463
0.177499965
0.177503511
0.177507073
0.177510694
0.17751433
0.17751801
0.177521735
0.177525505
0.177529335
0.177533194
0.177537099
0.177541077
0.177545086
0.177549168
0.177553296
0.177557483
0.177561745
0.177566051
0.177570432
0.177574873
0.177579388
0.177583978
0.177588642
0.177593365
0.177598178
0.177603066
0.177608028
0.17761308
0.177618206
0.177623421
0.177628726
0.17763412
0.177639604
0.177645177
0.177650839
0.177656606
0.177662477
0.177668437
0.177674517
0.177680686
0.17768696
0.177693352
0.177699849
0.177706465
0.177713186
0.17772004
0.177726999
0.177734077
0.177741274
0.177748606
0.177756071
0.177763656
0.17777136
0.177779213
0.1777872
0.177795321
0.177803576
0.17781198
0.177820534
0.177829236
0.177838072
0.177847072
0.177856222
0.17786552
0.177874982
0.177884609
0.177894399
0.177904353
0.17791447
0.177924752
0.177935213
0.177945852
0.177956671
0.177967668
0.177978843
0.177990198
0.178001761
0.178013489
0.178025424
0.178037554
0.178049892
0.178062409
0.17807515
0.178088084
0.178101242
0.178114593
0.178128168
0.178141966
0.178155974
0.178170219
0.178184673
0.178199366
0.178214297
0.178229451
0.178244844
0.178260475
0.17827636
0.178292483
0.178308859
0.178325489
0.178342372
0.178359523
0.178376928
0.178394601
0.178412527
0.178430736
0.178449228
0.178467989
0.178487018
0.178506345
0.178525954
0.178545862
0.178566054
0.178586543
0.17860733
0.17862843
0.178649828
0.178671539
0.178693563
0.1787159
0.178738564
0.178761542
0.178784847
0.178808495
0.178832456
0.17885676
0.178881407
0.178906396
0.178931743
0.178957433
0.178983465
0.17900987
0.179036617
0.179063737
0.17909123
0.17911908
0.179147318
0.179175928
0.179204911
0.179234281
0.179264054
0.179294199
0.179324746
0.179355696
0.179387033
0.179418787
0.179450944
0.179483518
0.179516509
0.179549903
0.179583728
0.179617986
0.179652661
0.179687768
0.179723322
0.179759309
0.179795727
0.179832608
0.17986992
0.179907694
0.179945931
0.179984614
0.18002376
0.180063367
0.180103451
0.180144012
0.180185035
0.180226535
0.180268526
0.180310994
0.18035394
0.180397391
0.180441335
0.18048577
0.180530697
0.180576131
0.180622071
0.180668518
0.180715486
0.180762962
0.180810943
0.180859461
0.180908486
0.180958033
0.181008115
0.181058735
0.181109875
0.181161553
0.181213766
0.181266531
0.181319833
0.181373671
0.18142806
0.181483001
0.181538492
0.181594536
0.181651145
0.181708306
0.181766018
0.181824297
0.181883141
0.181942552
0.182002544
0.182063088
0.182124212
0.182185903
0.182248175
0.182311013
0.182374448
0.182438448
0.18250303
0.182568192
0.182633936
0.182700276
0.182767197
0.1828347
0.182902798
0.182971478
0.183040753
0.18311061
0.183181077
0.183252111
0.183323756
0.183395997
0.183468819
0.183542237
0.183616251
0.183690861
0.183766067
0.183841869
0.183918267
0.183995262
0.184072837
0.184151024
0.184229806
0.18430917
0.184389129
0.184469685
0.184550837
0.184632584
0.184714913
0.184797838
0.184881359
0.184965461
0.18505016
0.185135439
0.1852213
0.185307741
0.185394779
0.185482383
0.185570583
0.185659349
0.185748696
0.18583861
0.185929105
0.186020166
0.186111808
0.186204001
0.186296761
0.186390087
0.186483979
0.186578423
0.186673418
0.186768964
0.186865062
0.18696171
0.187058896
0.187156618
0.187254891
0.187353686
0.187453017
0.187552869
0.187653258
0.187754154
0.187855572
0.18795751
0.188059941
0.188162908
0.188266337
0.188370302
0.188474715
0.188579679
0.18868506
0.188790977
0.188897312
0.189004183
0.189111441
0.189219236
0.189327404
0.189436123
0.189545184
0.189654797
0.189764723
0.1898752
0.189985961
0.190097302
0.190208882
0.190321043
0.190433428
0.190546393
0.190659553
0.190773308
0.190887198
0.191001713
0.191116318
0.191231579
0.191346854
0.19146283
0.191578776
0.191695422
0.191811979
0.191929311
0.192046463
0.192164421
0.192282125
0.192400694
0.192518905
0.192638069
0.192756772
0.192876458
0.192995653
0.193115816
0.193235457
0.193356052
0.193476141
0.193597138
0.193717629
0.193838969
0.193959817
0.19408147
0.194202632
0.194324598
0.194446027
0.194568217
0.194689885
0.194812283
0.194934145
0.195056677
0.195178702
0.195301354
0.195423469
0.19554618
0.195668355
0.195791051
0.19591324
0.196035892
0.196158022
0.196280599
0.196402624
0.196525022
0.196646899
0.196769074
0.196890727
0.197012603
0.197133988
0.197255492
0.197376534
0.197497606
0.197618231
0.197738767
0.197858915
0.197978854
0.198098436
0.19821766
0.198336586
0.198455006
0.198573247
0.198690698
0.198808104
0.198924541
0.199041054
0.19915612
0.199271858
0.199385434
0.199499696
0.199613214
0.19972378
0.199837431
0.199948743
0.200054109
0.20016855
0.200273186
0.20038332
0.200485423
0.200590581
0.20069778
0.200800061
0.200893849
0.200996578
0.201099068
0.201195762
0.201280311
0.201374888
0.201469705
0.201561302
0.201637194
0.201720282
0.201801524
0.201882064
0.201949254
0.202017948
0.20207718
