0.091145918
0.09233287
0.093365431
0.094163895
0.094829634
0.095419064
0.096005872
0.096611455
0.097214565
0.097799867
0.098360874
0.098898113
0.099416554
0.099922411
0.100420155
0.10091728
0.101416335
0.101917252
0.102419861
0.102924198
0.103430584
0.103939414
0.104451001
0.104965433
0.10548266
0.106002599
0.106525339
0.107051149
0.107580431
0.108113579
0.10865093
0.109192669
0.109738953
0.110289872
0.110845558
0.11140617
0.111971974
0.112543322
0.113120668
0.113704614
0.114295848
0.11489515
0.115503356
0.116121314
0.116749831
0.117389672
0.118041515
0.11870598
0.11938373
0.120075494
0.120782174
0.121504895
0.122245081
0.123004556
0.123785615
0.124591023
0.125423908
0.126287773
0.127186641
0.12812537
0.129109576
0.130145952
0.131241411
0.132404834
0.13365005
0.134996787
0.136464953
0.138212085
0.14127104
0.146214619
0.153431505
0.164478779
0.196227476
0.652470112
0.844261527
0.844110966
0.843961179
0.843812048
0.843663692
0.843516052
0.843369126
0.843223035
0.84307766
0.842933059
0.842789292
0.842646241
0.842503965
0.842362523
0.842221856
0.842081964
0.841942906
0.841804683
0.841667235
0.841530621
0.841394782
0.841259837
0.841125667
0.840992391
0.84085995
0.840728343
0.84059757
0.840467632
0.840338528
0.840210319
0.840083003
0.839956462
0.839830816
0.839706063
0.839582086
0.839459062
0.839336872
0.839215517
0.839095056
0.83897543
0.838856697
0.838738859
0.838621855
0.838505745
0.83839047
0.838276088
0.838162541
0.838049889
0.83793807
0.837827146
0.837717056
0.837607861
0.837499499
0.837392032
0.83728534
0.837179601
0.837074637
0.836970568
0.836867392
0.836764991
0.836663485
0.836562812
0.836462975
0.836363971
0.836265802
0.836168468
0.836072028
0.835976362
0.835881531
0.835787535
0.835694373
0.835601985
0.835510433
0.835419714
0.835329771
0.835240662
0.835152388
0.835064888
0.834978163
0.834892273
0.834807158
0.834722817
0.834639251
0.83455646
0.834474444
0.834393263
0.834312797
0.834233046
0.834154129
0.834075928
0.833998501
0.83392179
0.833845854
0.833770692
0.833696187
0.833622456
0.83354944
0.833477199
0.833405614
0.833334744
0.833264589
0.83319521
0.833126426
0.833058417
0.832991064
0.832924426
0.832858443
0.832793176
0.832728505
0.832664549
0.832601309
0.832538664
0.832476676
0.832415402
0.832354724
0.832294703
0.832235336
0.832176566
0.832118452
0.832060993
0.83200413
0.831947863
0.831892192
0.831837177
0.831782699
0.831728876
0.831675589
0.831622958
0.831570864
0.831519365
0.831468463
0.831418097
0.831368327
0.831319094
0.831270456
0.831222355
0.831174731
0.831127703
0.831081212
0.831035197
0.830989778
0.830944836
0.830900431
0.830856562
0.830813229
0.830770314
0.830727935
0.830686092
0.830644727
0.830603898
0.830563486
0.830523551
0.830484092
0.821437776
0.805352032
0.784997344
0.761109352
0.740263283
0.719240248
0.704601586
0.692970276
0.68343842
0.676039994
0.669983029
0.664859831
0.660467565
0.656622767
0.653192699
0.650122344
0.64741677
0.645012617
0.642862201
0.640928566
0.639182448
0.637600064
0.636161804
0.634851336
0.633654654
0.632559955
0.631556988
0.630636871
0.629791677
0.629014552
0.628299356
0.627640605
0.627033532
0.626473606
0.625956953
0.625480056
0.625039518
0.624632537
0.624256372
0.623908639
0.623587012
0.623289526
0.623014271
0.622759581
0.622523785
0.622305512
0.622103393
0.621916175
0.621742785
0.62158215
0.621433258
0.621295333
0.621167421
0.621048808
0.620938838
0.620836794
0.620742083
0.620654225
0.620572567
0.62049675
0.620426238
0.620360732
0.620299697
0.620242894
0.620189965
0.620140612
0.620094538
0.620051503
0.62001121
0.619973481
0.619938076
0.619904876
0.619873583
0.619844079
0.619816184
0.619789839
0.619764805
0.619740963
0.619718254
0.619696558
0.619675696
0.619655669
0.619636297
0.619617581
0.619599342
0.61958164
0.619564235
0.619547248
0.619530439
0.619513869
0.619497418
0.619481027
0.619464695
0.619448364
0.619432032
0.619415522
0.619398892
0.619382083
0.619365036
0.619347751
0.619330227
0.619312286
0.619294047
0.619275391
0.619256318
0.619236767
0.61921674
0.619196236
0.619175136
0.6191535
0.619131207
0.619108319
0.619084775
0.619060576
0.619035602
0.619009972
0.618983507
0.618956268
0.618928194
0.618899286
0.618869483
0.618838787
0.618807137
0.618774533
0.618740976
0.618706405
0.618670762
0.618634105
0.618596315
0.618557394
0.618517339
0.618476152
0.618433714
0.618390024
0.618345082
0.618298888
0.618251324
0.618202448
0.618152142
0.618100464
0.618047357
0.617992818
0.61793673
0.617879152
0.617820024
0.617759347
0.617697001
0.617633045
0.61756748
0.617500186
0.617431164
0.617360353
0.617287815
0.617213428
0.617137253
0.617059231
0.616979301
0.616897404
0.61681366
0.616727889
0.616640151
0.616550326
0.616458535
0.616364658
0.616268635
0.616170585
0.61607033
0.615967929
0.615863323
0.615756512
0.615647495
0.615536213
0.615422666
0.615306854
0.615188718
0.615068257
0.614945471
0.614820361
0.614692807
0.614562929
0.614430606
0.6142959
0.614158809
0.614019275
0.613877237
0.613732815
0.613585949
0.61343658
0.613284767
0.61313051
0.612973809
0.612814546
0.612652898
0.612488747
0.612322152
0.612153053
0.611981571
0.611807585
0.611631215
0.611452341
0.611271083
0.61108768
0.610902965
0.610716105
0.610527039
0.610335708
0.610142231
0.609946549
0.609748781
0.609548867
0.609346867
0.60914284
0.608936787
0.608728707
0.60851872
0.608306825
0.608093023
0.607877433
0.607659996
0.607440829
0.607219994
0.60699749
0.606773317
0.606547654
0.606320441
0.606091797
0.605861723
0.605630279
0.605397582
0.605163634
0.604928553
0.60469234
0.604455054
0.604216874
0.60397774
0.603737772
0.603497088
0.603255689
0.603013694
0.602771163
0.602528214
0.602284968
0.602041423
0.6017977
0.601553977
0.601310253
0.601066709
0.600823462
0.600580573
0.600338161
0.600096464
0.599855542
0.599615574
0.599376738
0.599139154
0.59890306
0.598668635
0.598436058
0.598205686
0.597977817
0.597752631
0.597530603
0.597312033
0.597097397
0.59688729
0.59668231
0.596483231
0.596291125
0.596107185
0.595933259
0.595771849
0.59562701
0.59550643
