0.087557301
0.088465631
0.089523755
0.090449505
0.091290906
0.092067771
0.092785604
0.093452886
0.094073765
0.094654866
0.095200263
0.095714219
0.096199863
0.096660092
0.097097471
0.097514115
0.097911768
0.098292209
0.0986569
0.099007137
0.099344067
0.099668764
0.099982165
0.100285925
0.100583449
0.100875728
0.101163015
0.101445593
0.10172376
0.101997837
0.102268077
0.102534682
0.102797858
0.103057809
0.103314675
0.103568636
0.103819817
0.104068331
0.10431429
0.104557805
0.104798973
0.105037913
0.105274767
0.105509669
0.105742797
0.105974346
0.106204487
0.106433429
0.106661372
0.106888488
0.107114933
0.107340857
0.107566349
0.107791469
0.10801626
0.108240716
0.108464845
0.108688645
0.108912162
0.109135456
0.109358609
0.109581754
0.109805092
0.110028878
0.110253401
0.11047899
0.110706016
0.110934816
0.111165725
0.111399032
0.11163497
0.111873701
0.112115316
0.112359852
0.112607278
0.112857498
0.113110393
0.113365836
0.113623679
0.113883793
0.114146054
0.114410356
0.114676639
0.114944853
0.115214944
0.115486898
0.115760721
0.116036423
0.116314016
0.116593458
0.116874747
0.117157854
0.117442802
0.117729604
0.118018359
0.11830923
0.118602455
0.118898302
0.1191971
0.119499169
0.119804814
0.120114245
0.120427586
0.120744921
0.121066287
0.121391736
0.121721372
0.122055344
0.122393936
0.122737527
0.123086572
0.123441532
0.123802863
0.124170981
0.124546215
0.12492884
0.125319049
0.125717029
0.126123101
0.126537859
0.126962259
0.127397612
0.127845645
0.128308147
0.128786772
0.129282564
0.129795805
0.130326301
0.130873904
0.13143912
0.13202326
0.132628158
0.13325642
0.133912012
0.134596735
0.135304078
0.136025831
0.136803463
0.137803912
0.140151545
0.144327044
0.150680125
0.16092293
0.175186783
0.17742148
0.182231069
0.191566408
0.209317118
0.241595596
0.320765108
0.565820694
0.836298585
0.844219387
0.844144881
0.844070554
0.843996465
0.843922555
0.843848884
0.843775392
0.843702137
0.843629062
0.843556166
0.843483508
0.843411088
0.843338847
0.843266785
0.843194962
0.843123376
0.84305197
0.842980742
0.842909753
0.842839003
0.842768431
0.842698097
0.842627943
0.842557967
0.842488229
0.84241873
0.84234941
0.842280269
0.842211366
0.842142642
0.842074156
0.842005849
0.84193778
0.841869891
0.841802239
0.841734767
0.841667533
0.841600478
0.841533661
0.841467023
0.841400623
0.841334403
0.84126842
0.841202617
0.841137052
0.841071665
0.841006517
0.840941608
0.840876877
0.840812325
0.840748072
0.840683937
0.840620041
0.840556383
0.840492904
0.840429604
0.840366542
0.840303719
0.840241075
0.840178669
0.840116441
0.840054452
0.839992642
0.839931071
0.839869678
0.839808524
0.839747548
0.839686811
0.839626253
0.839565933
0.839505792
0.839445889
0.839386165
0.83932668
0.839267433
0.839208364
0.839149475
0.839090824
0.839032412
0.838974178
0.838916123
0.838858306
0.838800728
0.838743329
0.838686168
0.838629186
0.838572383
0.838515818
0.838459492
0.838403344
0.838347375
0.838291705
0.838236153
0.83818084
0.838125765
0.838070869
0.838016152
0.837961674
0.837907374
0.837853312
0.83779943
0.837745786
0.83769232
0.837639093
0.837586045
0.837533176
0.837480545
0.837428093
0.837375879
0.837323844
0.837272048
0.83722043
0.837169051
0.837117851
0.837066829
0.837016046
0.836965501
0.836915076
0.836864889
0.83681494
0.83676517
0.836715579
0.836666226
0.836617053
0.836568058
0.836519301
0.836470723
0.836422384
0.836374223
0.836326241
0.836278498
0.836230934
0.836183548
0.836136401
0.836089432
0.836042702
0.835996091
0.835949719
0.835903585
0.83585757
0.835811794
0.835766196
0.835720778
0.835675597
0.835630596
0.835585773
0.835541129
0.835496724
0.835452497
0.835408449
0.83536458
0.83532095
0.835277498
0.835234225
0.835191131
0.835148215
0.835105479
0.835062981
0.835020661
0.834978521
0.834936559
0.834894776
0.834853172
0.834811807
0.83477056
0.834729552
0.834688723
0.834648073
0.834607601
0.834567308
0.834527195
0.834487319
0.834447563
0.834408045
0.834368706
0.834329486
0.834290504
0.834251702
0.834213078
0.834174693
0.834136426
0.834098339
0.834060431
0.834022701
0.833985209
0.833947837
0.833910644
0.83387363
0.833836794
0.833800077
0.833763599
0.8337273
0.83369112
0.833655119
0.833619356
0.833583713
0.833548248
0.833512962
0.833477855
0.833442926
0.833408117
0.833373547
0.833339095
0.833304822
0.833270729
0.833236814
0.833203077
0.83316946
0.833136022
0.833102763
0.833069682
0.833036721
0.833003938
0.832971334
0.83293891
0.832906604
0.832874477
0.832842529
0.83281076
0.832779109
0.832747638
0.832716286
0.832685173
0.832654119
0.832623303
0.832592607
0.832562029
0.832531691
0.832501471
0.832471371
0.832441509
0.832411766
0.832382143
0.832352698
0.832323372
0.832294226
0.832265258
0.832236409
0.832207739
0.832179189
0.832150817
0.832122564
0.832094491
0.832066536
0.832038701
0.832011044
0.831983507
0.831956148
0.831928909
0.831901789
0.831874847
0.831848085
0.831821442
0.831794918
0.831768632
0.831742406
0.831716359
0.831690431
0.831664622
0.831638932
0.831613421
0.83158803
0.831562817
0.831537664
0.83151269
0.831487894
0.831463218
0.831438661
0.831414282
0.831389964
0.831365824
0.831341803
0.831317902
0.831294119
0.831270456
0.831246912
0.831223488
0.831200242
0.831177115
0.831154108
0.831131279
0.83110857
0.83108598
0.831063509
0.831041217
0.831019044
0.830996931
0.830974996
0.830953121
0.830931365
0.830909789
0.830888271
0.830866933
0.830845654
0.830824494
0.830803514
0.830782652
0.830761909
0.830741286
0.830720782
0.830700397
0.830680132
0.830659986
0.830639958
0.830619991
0.830600202
0.830580473
0.830560863
0.830541372
0.830522001
0.830502689
0.830483437
0.828482628
0.821844578
0.813503146
0.805399299
0.791814327
0.780943215
0.767075837
0.756986082
0.74599272
0.734223902
0.72568512
0.717791259
0.710821569
0.704965353
0.698826373
0.693524003
0.688874602
0.684735835
0.680994332
0.677586198
0.67447412
0.671616256
0.668978333
0.666529179
0.664229512
0.662101507
0.660099626
0.658216476
0.656456411
0.654731393
0.653116524
0.651600897
0.650175214
0.648831427
0.647562683
0.646362782
0.645226419
0.644148827
0.643125832
0.642153561
0.641228676
0.640348017
0.639508784
0.638708532
0.637944877
0.637215614
0.636518896
0.635852873
0.635215878
0.634606361
0.634022832
0.633464038
0.632928729
0.632415652
0.631923795
0.631452143
0.630999744
0.630565643
0.630149007
0.629749119
0.629365087
0.628996313
0.628642082
0.628301799
0.627974808
0.627660513
0.627358437
0.627068102
0.626788914
0.626520455
0.626262248
0.626013994
0.625775099
0.625545323
0.625324309
0.62511158
0.624906898
0.624709964
0.624520421
0.624337971
0.624162316
0.623993278
0.623830557
0.623673856
0.623523057
0.6233778
0.623237967
0.623103261
0.622973621
0.622848749
0.622728467
0.622612596
0.622501016
0.622393548
0.622290075
0.622190356
0.622094274
0.622001767
0.621912599
0.621826708
0.621743917
0.621664166
0.621587336
0.621513307
0.62144196
0.621373236
0.621306956
0.62124306
0.621181548
0.621122181
0.621065021
0.621009886
0.620956719
0.620905459
0.620856047
0.620808423
0.620762467
0.620718122
0.620675385
0.620634198
0.620594382
0.620556057
0.620519042
0.620483279
0.620448828
0.620415568
0.620383441
0.620352387
0.620322466
0.620293558
0.620265603
0.620238602
0.620212555
0.620187342
0.620162964
0.62013942
0.620116651
0.620094597
0.620073318
0.620052636
0.620032668
0.620013356
0.619994581
0.619976461
0.619958878
0.619941771
0.619925261
0.619909167
0.61989361
0.619878411
0.619863749
0.619849443
0.619835496
0.619821966
0.619808793
0.619795978
0.619783461
0.619771242
0.619759381
0.619747758
0.619736433
0.619725287
0.619714439
0.619703829
0.619693458
0.619683266
0.619673252
0.619663417
0.619653761
0.619644284
0.619634986
0.619625807
0.619616747
0.619607806
0.619598985
0.619590282
0.619581699
0.619573176
0.619564712
0.619556367
0.619548082
0.619539857
0.619531691
0.619523585
0.619515479
0.619507432
0.619499445
0.619491398
0.619483411
0.619475484
0.619467497
0.61945951
0.619451582
0.619443595
0.619435549
0.619427562
0.619419515
0.619411409
0.619403303
0.619395137
0.619386911
0.619378686
0.619370341
0.619361997
0.619353592
0.619345069
0.619336486
0.619327843
0.619319141
0.619310319
0.619301438
0.619292498
0.619283378
0.619274199
0.61926496
0.619255543
0.619246066
0.619236469
0.619226754
0.619216919
0.619206965
0.619196892
0.61918664
0.619176328
0.619165838
0.619155228
0.61914444
0.619133532
0.619122446
0.61911124
0.619099855
0.619088352
0.619076669
0.619064808
0.619052768
0.619040549
0.619028151
0.619015634
0.619002879
0.618989944
0.618976891
0.61896354
0.618950069
0.61893636
0.618922472
0.618908405
0.6188941
0.618879616
0.618864894
0.618849933
0.618834794
0.618819356
0.618803799
0.618787944
0.618771851
0.618755579
0.618739009
0.61872226
0.618705213
0.618687928
0.618670404
0.618652642
0.618634582
0.618616283
0.618597746
0.618578911
0.618559837
0.618540466
0.618520796
0.618500888
0.618480623
0.618460178
0.618439376
0.618418276
0.618396878
0.618375242
0.618353248
0.618330956
0.618308365
0.618285418
0.618262231
0.618238688
0.618214786
0.618190587
0.618166089
0.618141234
0.618116021
0.61809051
0.618064582
0.618038356
0.618011832
0.617984891
0.617957592
0.617929935
0.617901981
0.617873609
0.61784482
0.617815733
0.617786229
0.617756367
0.617726088
0.617695451
0.617664456
0.617633045
0.617601216
0.61756897
0.617536366
0.617503345
0.617469907
0.617436051
0.617401779
0.617367089
0.617331982
0.617296457
0.617260456
0.617224097
0.617187262
0.617149949
0.617112279
0.617074072
0.617035508
0.616996408
0.61695689
0.616916955
0.616876483
0.616835594
0.616794229
0.616752386
0.616710067
0.61666733
0.616624057
0.616580307
0.616536081
0.616491318
0.616446137
0.616400421
0.616354227
0.616307497
0.61626029
0.616212606
0.616164386
0.61611563
0.616066396
0.616016626
0.61596638
0.615915596
0.615864277
0.615812421
0.615760028
0.615707159
0.615653694
0.615599751
0.615545213
0.615490139
0.615434587
0.615378439
0.615321755
0.615264535
0.615206718
0.615148366
0.615089476
0.61503005
0.614970028
0.61490947
0.614848375
0.614786625
0.614724398
0.614661574
0.614598155
0.614534199
0.614469647
0.614404559
0.614338875
0.614272654
0.614205778
0.614138365
0.614070416
0.614001811
0.613932669
0.613862932
0.613792598
0.613721728
0.613650203
0.613578141
0.613505483
0.613432229
0.613358438
0.613283992
0.613209009
0.61313343
0.613057256
0.612980485
0.612903118
0.612825155
0.612746656
0.612667501
0.61258781
0.612507522
0.612426639
0.612345159
0.612263083
0.612180471
0.612097263
0.612013459
0.611929059
0.611844063
0.61175853
0.611672401
0.611585677
0.611498356
0.611410499
0.611322045
0.611232996
0.611143529
0.611053944
0.610963941
0.610873401
0.610782325
0.610690653
0.610598505
0.610505819
0.610412657
0.610318899
0.610224605
0.610129833
0.610034525
0.609938741
0.60984242
0.609745622
0.609648287
0.609550476
0.609452188
0.609353364
0.609254062
0.609154284
0.609054029
0.608953297
0.608852029
0.608750343
0.608648241
0.608545601
0.608442545
0.608339012
0.608235061
0.608130634
0.608025789
0.607920527
0.607814789
0.607708693
0.607602119
0.607495189
0.607387781
0.607280016
0.607171834
0.607063293
0.606954336
0.606844962
0.606735289
0.606625199
0.606514752
0.606403947
0.606292784
0.606181324
0.606069505
0.605957329
0.605844796
0.605732024
0.605618894
0.605505466
0.605391741
0.605277717
0.605163395
0.605048835
0.604933977
0.604818821
0.604703486
0.604587853
0.604471982
0.604355872
0.604239583
0.604123056
0.60400635
0.603889406
0.603772283
0.603654981
0.6035375
0.60341984
0.603302062
0.603184104
0.603066027
0.602947831
0.602829516
0.602711082
0.602592587
0.602473974
0.602355301
0.602236509
0.602117717
0.601998866
0.601880014
0.601761103
0.601642191
0.60152334
0.601404428
0.601285577
0.601166785
0.601048052
0.600929379
0.600810766
0.600692272
0.600573838
0.600455582
0.600337505
0.600219548
0.600101769
0.599984169
0.599866748
0.599749625
0.59963274
0.599516094
0.599399745
0.599283695
0.599168003
0.599052668
0.59893769
0.598823071
0.598708928
0.598595262
0.598482072
0.59836936
0.598257244
0.598145664
0.598034739
0.597924411
0.597814858
0.59770596
0.597597837
0.597490549
0.597384155
0.597278714
0.597174227
0.597070813
0.596968532
0.596867442
0.596767664
0.596669197
0.59657228
0.596476913
0.596383214
0.596291423
0.596201539
0.596113861
0.596028507
0.595945716
0.595865786
0.595788956
0.595715642
0.595646262
0.595581293
0.595521212
