0
0
0
0
0
0
0
0
0
0
0
0
0
0
0
0
0
0
0
0
0
0
0
0
0
0
0
0
0
0
0
0
0
0
0
0
0
0
0
0
0
0
0
0
0
0
0
0
0
0
0
0
0
0
0
0
0
0
0
0
0
0
0
0
0
0
0
0
0
0
0
0
0
0
0
0
0
0
0
0
0
0
0
0
0
0
0
0
0
0
0
0
0
0
0
0
0
0
0
0
0
0
0
0
0
0
0
0
0
0
0
0
0
0
0
0
0
0
0
0
0
0
0
0
0
0
0
0
0
0
0
0
0
0
0
0
0
0
0
0
0
0
0
0
0
0
0
0
0
0
0
0
0
0
0
0
0
0
0
0
0
0
0
0
0
0
0
0
0
0
0
0
0
0
0
0
0
0
0
0
0
0
0
0
0
0
0
0
0
0
0
0
0
0
0
0
0
0
0
0
0
0
0
0
0
0
0
0
0
0
0
0
0
0
0
0
0
0
0
0
0
0
0
0
0
0
0
0
0
0
0
0
0
0
0
0
0
0
0
0
0
0
0
0
0
0
0
0
0
0
0
0
0
0
0
0
0
0
0
0
0
0
0
0
0
0
0
0
0
0
0
0
0
0
0
0
0
0
0
0
0
0
0
0
0
0
0
0
0
0
0
0
0
0
0
0
0
0
0
0
0
0
0
0
0
0
0
0
0
0
0
0
0
0
0
0
0
0
0
0
0
0
0
0
0
0
0
0
0
0
0
0
0
0
0
0
0
0
0
0
0
0
0
0
0
0
0
0
0
0
0
0
0
0
0
0
0
0
0
0
0
0
0
0
0
0
0
0
0
0
0
0
0
0
0
0
0
0
0
0
0
0
0
0
0
0
0
0
0
0
0
0
0
0
0
0
0
0
0
0
0
0
0
0
0
0
0
0
0
0
0
0
0
0
0
0
0
0
0
0
0
0
0
0
0
0
0
0
0
0
0
0
0
0
0
0
0
0
0
0
0
0
0
0
0
0
0
0
0
0
0
0
0
0
0
0
0
0
0
0
0
0
0
0
0
0
0
0
0
0
0
0
0
0
0
0
0
0
0
0
0
0
0
0
0
0
0
0
0
0
0
0
0
0
0
0
0
0
0
0
0
0
0
0
0
0
0
0
0
0
0
0
0
0
0
0
0
0
0
0
0
0
0
0
0
0
0
0
0
0
0
0
0
0
0
0
0
0
0
0
0
0
0
0
0
0
0
0
0
0
0
0
0
0
0
0
0
0
0
0
0
0
0
0
0
0
0
0
0
0
0
0
0
0
0
0
0
0
0
0
0
0
0
0
0
0
0
0
0
0
0
0
0
0
0
0
0
0
0
0
0
0
0
0
0
0
0
0
0
0
0
0
0
0
0
0
0
0
0
0
0
0
0
0
0
0
0
0
0
0
0
0
0
0
0
0
0
0
0
0
0
0
0
0
0
0
0
0
0
0
0
0
0
0
0
0
0
0
0
0
0
0
0
0
0
0
0
0
0
0
0
0
0
0
0
0
0
0
0
0
0
0
0
0
0
0
0
0
0
0
0
0
0
0
0
0
0
0
0
0
0
0
0
0
0
0
0
0
0
0
0
0
0
0
0
0
0
0
0
0
0
0
0
0
0
0
0
0
0
0
0
0
0
0
0
0
0
0
0
0
0
0
0
0
0
0
0
0
0
0
0
0
0
0
0
0
0
0
0
0
0
0
0
0
0
0
0
0
0
0
0
0
0
0
0
0
0
0
0
0
0
0
0
0
0
0
0
0
0
0
0
0
0
0
0
0
0
0
0
0
0
0
0
0
0
0
0
0
0
0
0
0
0
0
0
0
0
0
0
0
0
0
0
0
0
0
0
0
0
0
0
0
0
0
0
0
0
0
0
0
0
0
0
0
0
0
0
0
0
0
0
0
0
0
0
0
0
0
0
0
0
0
0
0
0.051763047
0.185059443
0.242706448
0.274364829
0.294403613
0.308272541
0.31848076
0.32634294
0.33261317
0.337754458
0.342066586
0.34575215
0.34895286
0.351770759
0.354281217
0.356541097
0.358594
0.36047408
0.362208337
0.363818407
0.365321845
0.366733074
0.368063986
0.369324505
0.370523006
0.37166658
0.372761309
0.373812377
0.374824226
0.375800759
0.376745343
0.37766093
0.378550082
0.379415095
0.380257964
0.381080508
0.381884336
0.382670879
0.383441448
0.384197235
0.384939253
0.385668457
0.386385679
0.387091726
0.387787282
0.388473004
0.389149487
0.389817238
0.390476763
0.39112851
0.391772926
0.392410398
0.393041313
0.393666059
0.394284904
0.394898117
0.395505905
0.396108538
0.396706253
0.39729929
0.397887886
0.39847222
0.399052471
0.399628758
0.400201261
0.400770128
0.401335508
0.40189752
0.402456284
0.403011948
0.403564572
0.404114276
0.404661119
0.40520516
0.405746579
0.406285405
0.406821817
0.407355845
0.407887548
0.408417016
0.408944279
0.409469366
0.409992397
0.410513431
0.411032498
0.411549628
0.41206488
0.412578225
0.413089782
0.413599581
0.41410774
0.41461426
0.415119171
0.415622503
0.416124254
0.416624427
0.417123139
0.417620361
0.418116152
0.418610513
0.419103503
0.419595122
0.42008546
0.420574516
0.42106232
0.421548933
0.422034353
0.422518581
0.423001647
0.423483551
0.423964292
0.424443871
0.424922347
0.42539975
0.425876141
0.426351547
0.426826
0.42729941
0.427771807
0.42824319
0.42871362
0.429183155
0.429651797
0.430119514
0.430586278
0.431052059
0.431516886
0.431980848
0.432443976
0.4329063
0.433367908
0.433828741
0.43428874
0.434747964
0.435206354
0.435663909
0.436120689
0.436576754
0.437032163
0.437486917
0.437940955
0.438394308
0.438847005
0.439299017
0.439750373
0.440201044
0.440651119
0.441100508
0.441549242
0.441997319
0.442444742
0.442891568
0.443337888
0.44378379
0.444229215
0.444674104
0.445118457
0.445562214
0.446005464
0.446448207
0.446890503
0.447332352
0.447773665
0.448214471
0.448654801
0.449094743
0.449534237
0.449973285
0.450412005
0.450850397
0.451288402
0.45172596
0.45216313
0.452599943
0.453036428
0.453472614
0.453908563
0.454344302
0.454779714
0.455214828
0.455649734
0.45608446
0.456518918
0.456953168
0.457387239
0.457821131
0.458254784
0.458688229
0.459121495
0.459554583
0.45998767
0.460420877
0.460854173
0.461287439
0.461720735
0.462154031
0.462587297
0.463020474
0.463453621
0.463886946
0.464320451
0.464754015
0.465187728
0.46562171
0.466055781
0.46649
0.466924638
0.467359811
0.467795253
0.468230814
0.468666732
0.469103247
0.469540268
0.469977707
0.470415831
0.47085464
0.471293926
0.471733898
0.472174644
0.472616225
0.473058492
0.473501474
0.473945409
0.474390388
0.474836409
0.475283653
0.475732476
0.476182461
0.476633519
0.477086067
0.477540404
0.477996022
0.478452742
0.4789114
0.479372442
0.479835361
0.480300158
0.480767488
0.481237113
0.481708795
0.48218292
0.482660353
0.483141154
0.483624786
0.48411122
0.484601378
0.485095501
0.485593349
0.48609522
0.486602008
0.487113684
0.48762998
0.488151312
0.48867923
0.489213616
0.489753395
0.490300477
0.490856111
0.491419405
0.491990864
0.492572039
0.493164152
0.49376592
0.494379461
0.495006114
0.495646238
0.496301234
0.496972084
0.497661829
0.49837178
0.4991014
0.49985382
0.500634372
0.501442671
0.502281487
0.503156781
0.504072845
0.505033076
0.506042063
0.50710845
0.508241713
0.509448886
0.510741234
0.512134135
0.513647199
0.515298545
0.517117143
0.519139349
0.521412134
0.523992836
0.52696687
0.530452669
0.534618974
0.539713979
0.546132326
0.554542363
0.566142023
0.583368599
0.611972451
0.671039581
0.835138142
0.833989203
0.832792997
0.831754148
0.830856085
0.830085933
0.829431534
0.828880012
0.828418434
0.828034461
0.827716589
0.827454507
0.827239037
0.827062488
0.826918066
0.826800108
0.826703966
0.826625645
0.826561987
0.826510191
0.82646805
0.826433897
0.826406181
0.82638365
0.826365352
0.82635057
0.82633853
0.826328814
0.826320887
0.826314509
0.826309264
0.826305091
0.826301694
0.826298893
0.826296687
0.826294839
0.826293349
0.826292157
0.826291204
0.826290429
0.826289773
0.826289296
0.826288879
0.826288521
0.826288223
0.826288044
0.826287866
0.826287687
0.826287568
0.826287508
0.826287448
0.826287389
0.826287329
0.82628727
0.82628721
0.82628721
0.82628721
0.82628715
0.82628715
0.82628715
0.82628715
0.82628715
0.82628715
0.82628715
0.82628715
0.82628715
0.82628715
0.82628715
0.82628715
0.82628715
0.82628715
0.82628715
0.82628715
0.82628715
0.82628715
0.82628715
0.82628715
0.82628715
0.82628715
0.82628715
0.82628715
0.82628715
0.82628715
0.82628715
0.82628715
0.82628715
0.82628715
0.82628715
0.82628715
0.82628715
0.82628715
0.82628715
0.82628715
0.82628715
0.82628715
0.82628715
0.82628715
0.82628715
0.82628715
0.82628715
0.82628721
0.82628721
0.82628721
0.82628721
0.82628721
0.82628721
0.82628721
0.82628721
0.82628721
0.82628721
0.82628721
0.82628721
0.82628721
0.82628721
0.82628721
0.82628721
0.82628721
0.82628721
0.82628721
0.82628721
0.82628721
0.82628721
0.82628721
0.82628721
0.82628721
0.82628721
0.82628721
0.82628721
0.82628721
0.82628721
0.82628721
0.82628721
0.82628727
0.82628727
0.82628727
0.82628727
0.82628727
0.82628727
0.82628727
0.82628727
0.82628727
0.82628727
0.82628727
0.82628727
0.82628727
0.82628727
0.82628727
0.82628727
0.82628727
0.82628727
0.82628727
0.82628727
0.82628727
0.82628727
0.82628727
0.82628727
0.82628727
0.82628727
0.82628727
0.82628727
0.82628727
0.82628727
0.82628727
0.82628727
0.82628727
0.826287329
0.826287329
0.826287329
0.826287329
0.826287329
0.826287329
0.826287329
0.826287329
0.826287329
0.826287329
0.826287329
0.826287329
0.826287329
0.826287329
0.826287329
0.826287329
0.826287329
0.826287329
0.826287329
0.826287329
0.826287329
0.826287329
0.826287329
0.826287329
0.826287329
0.826287329
0.826287329
0.826287329
0.826287329
0.826287329
0.826287329
0.826287329
0.826287389
0.826287389
0.826287389
0.826287389
0.826287389
0.826287389
0.826287389
0.826287389
0.826287389
0.826287389
0.826287389
0.826287389
0.826287389
0.826287389
0.826287389
0.826287389
0.826287389
0.826287389
0.826287389
0.826287389
0.826287389
0.826287389
0.826287389
0.826287389
0.826287389
0.826287389
0.826287389
0.826287389
0.826287389
0.826287389
0.826287389
0.826287389
0.826287448
0.826287448
0.826287448
0.826287448
0.826287448
0.826287448
0.826287448
0.826287448
0.826287448
0.826287448
0.826287448
0.826287448
0.826287448
0.826287448
0.826287448
0.826287448
0.826287448
0.826287448
0.826287448
0.826287448
0.826287448
0.826287448
0.826287448
0.826287448
0.826287448
0.826287448
0.826287448
0.826287448
0.826287448
0.826287448
0.826287448
0.826287448
0.826287508
0.826287508
0.826287508
0.826287508
0.826287508
0.826287508
0.826287508
0.826287508
0.826287508
0.826287508
0.826287508
0.826287508
0.826287508
0.826287508
0.826287508
0.826287508
0.826287508
0.826287508
0.826287508
0.826287508
0.826287508
0.826287508
0.826287508
0.826287508
0.826287508
0.826287508
0.826287508
0.826287508
0.826287508
0.826287508
0.826287508
0.826287508
0.826287508
0.826287568
0.826287568
0.826287568
0.826287568
0.826287568
0.826287568
0.826287568
0.826287568
0.826287568
0.826287568
0.826287568
0.826287568
0.826287568
0.826287568
0.826287568
0.826287568
0.826287568
0.826287568
0.826287568
0.826287568
0.826287568
0.826287568
0.826287568
0.826287568
0.826287568
0.826287568
0.826287568
0.826287568
0.826287568
0.826287568
0.826287568
0.826287568
0.826287627
0.826287627
0.826287627
0.826287627
0.826287627
0.826287627
0.826287627
0.826287627
0.826287627
0.826287627
0.826287627
0.826287627
0.826287627
0.826287627
0.826287627
0.826287627
0.826287627
0.826287627
0.826287627
0.826287627
0.826287627
0.826287627
0.826287627
0.826287627
0.826287627
0.826287627
0.826287627
0.826287627
0.826287627
0.826287627
0.826287627
0.826287627
0.826287687
0.826287687
0.826287687
0.826287687
0.826287687
0.826287687
0.826287687
0.826287687
0.826287687
0.826287687
0.826287687
0.826287687
0.826287687
0.826287687
0.826287687
0.826287687
0.826287687
0.826287687
0.826287687
0.826287687
0.826287687
0.826287687
0.826287687
0.826287687
0.826287687
0.826287687
0.826287687
0.826287687
0.826287687
0.826287687
0.826287687
0.826287687
0.826287746
0.826287746
0.826287746
0.826287746
0.826287746
0.826287746
0.826287746
0.826287746
0.826287746
0.826287746
0.826287746
0.826287746
0.826287746
0.826287746
0.826287746
0.826287746
0.826287746
0.826287746
0.826287746
0.826287746
0.826287746
0.826287746
0.826287746
0.826287746
0.826287746
0.826287746
0.826287746
0.826287746
0.826287746
0.826287746
0.826287746
0.826287746
0.826287746
0.826287806
0.826287806
0.826287806
0.826287806
0.826287806
0.826287806
0.826287806
0.826287806
0.826287806
0.826287806
0.826287806
0.826287806
0.826287806
0.826287806
0.826287806
0.826287806
0.826287806
0.826287806
0.826287806
0.826287806
0.826287806
0.826287806
0.826287806
0.826287806
0.826287806
0.826287806
0.826287806
0.826287806
0.826287806
0.826287806
0.826287806
0.826287806
0.826287866
0.826287866
0.826287866
0.826287866
0.826287866
0.826287866
0.826287866
0.826287866
0.826287866
0.826287866
0.826287866
0.826287866
0.826287866
0.826287866
0.826287866
0.826287866
0.826287866
0.826287866
0.826287866
0.826287866
0.826287866
0.826287866
0.826287866
0.826287866
0.826287866
0.826287866
0.826287866
0.826287866
0.826287866
0.826287866
0.826287866
0.826287866
0.826287925
0.826287925
0.826287925
0.826287925
0.826287925
0.826287925
0.826287925
0.826287925
0.826287925
0.826287925
0.826287925
0.826287925
0.826287925
0.826287925
0.826287925
0.826287925
0.826287925
0.826287925
0.826287925
0.826287925
0.826287925
0.826287925
0.826287925
0.826287925
0.826287925
0.826287925
0.826287925
0.826287925
0.826287925
0.826287925
0.826287925
0.826287925
0.826287985
0.826287985
0.826287985
0.826287985
0.826287985
0.826287985
0.826287985
0.826287985
0.826287985
0.826287985
0.826287985
0.826287985
0.826287985
0.826287985
0.826287985
0.826287985
0.826287985
0.826287985
0.826287985
0.826287985
0.826287985
0.826287985
0.826287985
0.826287985
0.826287985
0.826287985
0.826287985
0.826287985
0.826287985
0.826287985
0.826287985
0.826287985
0.826287985
0.826288044
0.826288044
0.826288044
0.826288044
0.826288044
0.826288044
0.826288044
0.826288044
0.826288044
0.826288044
0.826288044
0.826288044
0.826288044
0.826288044
0.826288044
0.826288044
0.826288044
0.826288044
0.826288044
0.826288044
0.826288044
0.826288044
0.826288044
0.826288044
0.826288044
0.826288044
0.826288044
0.826288044
0.826288044
0.826288044
0.826288044
0.826288044
0.826288104
0.826288104
0.826288104
0.826288104
0.826288104
0.826288104
0.826288104
0.826288104
0.826288104
0.826288104
0.826288104
0.826288104
0.826288104
0.826288104
0.826288104
0.826288104
0.826288104
0.826288104
0.826288104
0.826288104
0.826288104
0.826288104
0.826288104
0.826288104
0.826288104
0.826288104
0.826288104
0.826288104
0.826288104
0.826288104
0.826288104
0.826288104
0.826288164
0.826288164
0.826288164
0.826288164
0.826288164
0.826288164
0.826288164
0.826288164
0.826288164
0.826288164
0.826288164
0.826288164
0.826288164
0.826288164
0.826288164
0.826288164
0.826288164
0.826288164
0.826288164
0.826288164
0.826288164
0.826288164
0.826288164
0.826288164
0.826288164
0.826288164
0.826288164
0.826288164
0.826288164
0.826288164
0.826288164
0.826288164
0.826288223
0.826288223
0.826288223
0.826288223
0.826288223
0.826288223
0.826288223
0.826288223
0.826288223
0.826288223
0.826288223
0.826288223
0.826288223
0.826288223
0.826288223
0.826288223
0.826288223
0.826288223
0.826288223
0.826288223
0.826288223
0.826288223
0.826288223
0.826288223
0.826288223
0.826288223
0.826288223
0.826288223
0.826288223
0.826288223
0.826288223
0.826288223
0.826288283
0.826288283
0.826288283
0.826288283
0.826288283
0.826288283
0.826288283
0.826288283
0.826288283
0.826288283
0.826288283
0.826288283
0.826288283
0.826288283
0.826288283
0.826288283
0.826288283
0.826288283
0.826288283
0.826288283
0.826288283
0.826288283
0.826288283
0.826288283
0.826288283
0.826288283
0.826288283
0.826288283
0.826288283
0.826288283
0.826288283
0.826288283
0.826288283
0.826288342
0.826288342
0.826288342
0.826288342
0.826288342
0.826288342
0.826288342
0.826288342
0.826288342
0.826288342
0.826288342
0.826288342
0.826288342
0.826288342
0.826288342
0.826288342
0.826288342
0.826288342
0.826288342
0.826288342
0.826288342
0.826288342
0.826288342
0.826288342
0.826288342
0.826288342
0.826288342
0.826288342
0.826288342
0.826288342
0.826288342
0.826288342
0.826288402
0.826288402
0.826288402
0.826288402
0.826288402
0.826288402
0.826288402
0.826288402
0.826288402
0.826288402
0.826288402
0.826288402
0.826288402
0.826288402
0.826288402
0.826288402
0.826288402
0.826288402
0.826288402
0.826288402
0.826288402
0.826288402
0.826288402
0.826288402
0.826288402
0.826288402
0.826288402
0.826288402
0.826288402
0.826288402
0.826288402
0.826288402
0.826288462
0.826288462
0.826288462
0.826288462
0.826288462
0.826288462
0.826288462
0.826288462
0.826288462
0.826288462
0.826288462
0.826288462
0.826288462
0.826288462
0.826288462
0.826288462
0.826288462
0.826288462
0.826288462
0.826288462
0.826288462
0.826288462
0.826288462
0.826288462
0.826288462
0.826288462
0.826288462
0.826288462
0.826288462
0.826288462
0.826288462
0.826288462
0.826288521
0.826288521
0.826288521
0.826288521
0.826288521
0.826288521
0.826288521
0.826288521
0.826288521
0.826288521
0.826288521
0.826288521
0.826288521
0.826288521
0.826288521
0.826288521
0.826288521
0.826288521
0.826288521
0.826288521
0.826288521
0.826288521
0.826288521
0.826288521
0.826288521
0.826288521
0.826288521
0.826288521
0.826288521
0.826288521
0.826288521
0.826288521
0.826288581
0.826288581
0.826288581
0.826288581
0.826288581
0.826288581
0.826288581
0.826288581
0.826288581
0.826288581
0.826288581
0.826288581
0.826288581
0.826288581
0.826288581
0.826288581
0.826288581
0.826288581
0.826288581
0.826288581
0.826288581
0.826288581
0.826288581
0.826288581
0.826288581
0.826288581
0.826288581
0.826288581
0.826288581
0.826288581
0.826288581
0.826288581
0.826288581
0.826288641
0.826288641
0.826288641
0.826288641
0.826288641
0.826288641
0.826288641
0.826288641
0.826288641
0.826288641
0.826288641
0.826288641
0.826288641
0.826288641
0.826288641
0.826288641
0.826288641
0.826288641
0.826288641
0.826288641
0.826288641
0.826288641
0.826288641
0.826288641
0.826288641
0.826288641
0.826288641
0.826288641
0.826288641
0.826288641
0.826288641
0.826288641
0.8262887
0.8262887
0.8262887
0.8262887
0.8262887
0.8262887
0.8262887
0.8262887
0.8262887
0.8262887
0.8262887
0.8262887
0.8262887
0.8262887
0.8262887
0.8262887
0.8262887
0.8262887
0.8262887
0.8262887
0.8262887
0.8262887
0.8262887
0.8262887
0.8262887
0.8262887
0.8262887
0.8262887
0.8262887
0.8262887
0.8262887
0.8262887
0.82628876
0.82628876
0.82628876
0.82628876
0.82628876
0.82628876
0.82628876
0.82628876
0.82628876
0.82628876
0.82628876
0.82628876
0.82628876
0.82628876
0.82628876
0.82628876
0.82628876
0.82628876
0.82628876
0.82628876
0.82628876
0.82628876
0.82628876
0.82628876
0.82628876
0.82628876
0.82628876
0.82628876
0.82628876
0.82628876
0.82628876
0.82628876
0.826288819
0.826288819
0.826288819
0.826288819
0.826288819
0.826288819
0.826288819
0.826288819
0.826288819
0.826288819
0.826288819
0.826288819
0.826288819
0.826288819
0.826288819
0.826288819
0.826288819
0.826288819
0.826288819
0.826288819
0.826288819
0.826288819
0.826288819
0.826288819
0.826288819
0.826288819
0.826288819
0.826288819
0.826288819
0.826288819
0.826288819
0.826288819
0.826288879
0.826288879
0.826288879
0.826288879
0.826288879
0.826288879
0.826288879
0.826288879
0.826288879
0.826288879
0.826288879
0.826288879
0.826288879
0.826288879
0.826288879
0.826288879
0.826288879
0.826288879
0.826288879
0.826288879
0.826288879
0.826288879
0.826288879
0.826288879
0.826288879
0.826288879
0.826288879
0.826288879
0.826288879
0.826288879
0.826288879
0.826288879
0.826288939
0.826288939
0.826288939
0.826288939
0.826288939
0.826288939
0.826288939
0.826288939
0.826288939
0.826288939
0.826288939
0.826288939
0.826288939
0.826288939
0.826288939
0.826288939
0.826288939
0.826288939
0.826288939
0.826288939
0.826288939
0.826288939
0.826288939
0.826288939
0.826288939
0.826288939
0.826288939
0.826288939
0.826288939
0.826288939
0.826288939
0.826288939
0.826288939
0.826288998
0.826288998
0.826288998
0.826288998
0.826288998
0.826288998
0.826288998
0.826288998
0.826288998
0.826288998
0.826288998
0.826288998
0.826288998
0.826288998
0.826288998
0.826288998
0.826288998
0.826288998
0.826288998
0.826288998
0.826288998
0.826288998
0.826288998
0.826288998
0.826288998
0.826288998
0.826288998
0.826288998
0.826288998
0.826288998
0.826288998
0.826288998
0.826289058
0.826289058
0.826289058
0.826289058
0.826289058
0.826289058
0.826289058
0.826289058
0.826289058
0.826289058
0.826289058
0.826289058
0.826289058
0.826289058
0.826289058
0.826289058
0.826289058
0.826289058
0.826289058
0.826289058
0.826289058
0.826289058
0.826289058
0.826289058
0.826289058
0.826289058
0.826289058
0.826289058
0.826289058
0.826289058
0.826289058
0.826289058
0.826289117
0.826289117
0.826289117
0.826289117
0.826289117
0.826289117
0.826289117
0.826289117
0.826289117
0.826289117
0.826289117
0.826289117
0.826289117
0.826289117
0.826289117
0.826289117
0.826289117
0.826289117
0.826289117
0.826289117
0.826289117
0.826289117
0.826289117
0.826289117
0.826289117
0.826289117
0.826289117
0.826289117
0.826289117
0.826289117
0.826289117
0.826289117
0.826289177
0.826289177
0.826289177
0.826289177
0.826289177
0.826289177
0.826289177
0.826289177
0.826289177
0.826289177
0.826289177
0.826289177
0.826289177
0.826289177
0.826289177
0.826289177
0.826289177
0.826289177
0.826289177
0.826289177
0.826289177
0.826289177
0.826289177
0.826289177
0.826289177
0.826289177
0.826289177
0.826289177
0.826289177
0.826289177
0.826289177
0.826289177
0.826289237
0.826289237
0.826289237
0.826289237
0.826289237
0.826289237
0.826289237
0.826289237
0.826289237
0.826289237
0.826289237
0.826289237
0.826289237
0.826289237
0.826289237
0.826289237
0.826289237
0.826289237
0.826289237
0.826289237
0.826289237
0.826289237
0.826289237
0.826289237
0.826289237
0.826289237
0.826289237
0.826289237
0.826289237
0.826289237
0.826289237
0.826289237
0.826289237
0.826289296
0.826289296
0.826289296
0.826289296
0.826289296
0.826289296
0.826289296
0.826289296
0.826289296
0.826289296
0.826289296
0.826289296
0.826289296
0.826289296
0.826289296
0.826289296
0.826289296
0.826289296
0.826289296
0.826289296
0.826289296
0.826289296
0.826289296
0.826289296
0.826289296
0.826289296
0.826289296
0.826289296
0.826289296
0.826289296
0.826289296
0.826289296
0.826289356
0.826289356
0.826289356
0.826289356
0.826289356
0.826289356
0.826289356
0.826289356
0.826289356
0.826289356
0.826289356
0.826289356
0.826289356
0.826289356
0.826289356
0.826289356
0.826289356
0.826289356
0.826289356
0.826289356
0.826289356
0.826289356
0.826289356
0.826289356
0.826289356
0.826289356
0.826289356
0.826289356
0.826289356
0.826289356
0.826289356
0.826289356
0.826289415
0.826289415
0.826289415
0.826289415
0.826289415
0.826289415
0.826289415
0.826289415
0.826289415
0.826289415
0.826289415
0.826289415
0.826289415
0.826289415
0.826289415
0.826289415
0.826289415
0.826289415
0.826289415
0.826289415
0.826289415
0.826289415
0.826289415
0.826289415
0.826289415
0.826289415
0.826289415
0.826289415
0.826289415
0.826289415
0.826289415
0.826289415
0.826289475
0.826289475
0.826289475
0.826289475
0.826289475
0.826289475
0.826289475
0.826289475
0.826289475
0.826289475
0.826289475
0.826289475
0.826289475
0.826289475
0.826289475
0.826289475
0.826289475
0.826289475
0.826289475
0.826289475
0.826289475
0.826289475
0.826289475
0.826289475
0.826289475
0.826289475
0.826289475
0.826289475
0.826289475
0.826289475
0.826289475
0.826289475
0.826289535
0.826289535
0.826289535
0.826289535
0.826289535
0.826289535
0.826289535
0.826289535
0.826289535
0.826289535
0.826289535
0.826289535
0.826289535
0.826289535
0.826289535
0.826289535
0.826289535
0.826289535
0.826289535
0.826289535
0.826289535
0.826289535
0.826289535
0.826289535
0.826289535
0.826289535
0.826289535
0.826289535
0.826289535
0.826289535
0.826289535
0.826289535
0.826289594
0.826289594
0.826289594
0.826289594
0.826289594
0.826289594
0.826289594
0.826289594
0.826289594
0.826289594
0.826289594
0.826289594
0.826289594
0.826289594
0.826289594
0.826289594
0.826289594
0.826289594
0.826289594
0.826289594
0.826289594
0.826289594
0.826289594
0.826289594
0.826289594
0.826289594
0.826289594
0.826289594
0.826289594
0.826289594
0.826289594
0.826289594
0.826289654
0.826289654
0.826289654
0.826289654
0.826289654
0.826289654
0.826289654
0.826289654
0.826289654
0.826289654
0.826289654
0.826289654
0.826289654
0.826289654
0.826289654
0.826289654
0.826289654
0.826289654
0.826289654
0.826289654
0.826289654
0.826289654
0.826289654
0.826289654
0.826289654
0.826289654
0.826289654
0.826289654
0.826289654
0.826289654
0.826289654
0.826289654
0.826289654
0.826289713
0.826289713
0.826289713
0.826289713
0.826289713
0.826289713
0.826289713
0.826289713
0.826289713
0.826289713
0.826289713
0.826289713
0.826289713
0.826289713
0.826289713
0.826289713
0.826289713
0.826289713
0.826289713
0.826289713
0.826289713
0.826289713
0.826289713
0.826289713
0.826289713
0.826289713
0.826289713
0.826289713
0.826289713
0.826289713
0.826289713
0.826289713
0.826289773
0.826289773
0.826289773
0.826289773
0.826289773
0.826289773
0.826289773
0.826289773
0.826289773
0.826289773
0.826289773
0.826289773
0.826289773
0.826289773
0.826289773
0.826289773
0.826289773
0.826289773
0.826289773
0.826289773
0.826289773
0.826289773
0.826289773
0.826289773
0.826289773
0.826289773
0.826289773
0.826289773
0.826289773
0.826289773
0.826289773
0.826289773
0.826289833
0.826289833
0.826289833
0.826289833
0.826289833
0.826289833
0.826289833
0.826289833
0.826289833
0.826289833
0.826289833
0.826289833
0.826289833
0.826289833
0.826289833
0.826289833
0.826289833
0.826289833
0.826289833
0.826289833
0.826289833
0.826289833
0.826289833
0.826289833
0.826289833
0.826289833
0.826289833
0.826289833
0.826289833
0.826289833
0.826289833
0.826289833
0.826289892
0.826289892
0.826289892
0.826289892
0.826289892
0.826289892
0.826289892
0.826289892
0.826289892
0.826289892
0.826289892
0.826289892
0.826289892
0.826289892
0.826289892
0.826289892
0.826289892
0.826289892
0.826289892
0.826289892
0.826289892
0.826289892
0.826289892
0.826289892
0.826289892
0.826289892
0.826289892
0.826289892
0.826289892
0.826289892
0.826289892
0.826289892
0.826289952
0.826289952
0.826289952
0.826289952
0.826289952
0.826289952
0.826289952
0.826289952
0.826289952
0.826289952
0.826289952
0.826289952
0.826289952
0.826289952
0.826289952
0.826289952
0.826289952
0.826289952
0.826289952
0.826289952
0.826289952
0.826289952
0.826289952
0.826289952
0.826289952
0.826289952
0.826289952
0.826289952
0.826289952
0.826289952
0.826289952
0.826289952
0.826290011
0.826290011
0.826290011
0.826290011
0.826290011
0.826290011
0.826290011
0.826290011
0.826290011
0.826290011
0.826290011
0.826290011
0.826290011
0.826290011
0.826290011
0.826290011
0.826290011
0.826290011
0.826290011
0.826290011
0.826290011
0.826290011
0.826290011
0.826290011
0.826290011
0.826290011
0.826290011
0.826290011
0.826290011
0.826290011
0.826290011
0.826290011
0.826290071
0.826290071
0.826290071
0.826290071
0.826290071
0.826290071
0.826290071
0.826290071
0.826290071
0.826290071
0.826290071
0.826290071
0.826290071
0.826290071
0.826290071
0.826290071
0.826290071
0.826290071
0.826290071
0.826290071
0.826290071
0.826290071
0.826290071
0.826290071
0.826290071
0.826290071
0.826290071
0.826290071
0.826290071
0.826290071
0.826290071
0.826290071
0.826290071
0.826290131
0.826290131
0.826290131
0.826290131
0.826290131
0.826290131
0.826290131
0.826290131
0.826290131
0.826290131
0.826290131
0.826290131
0.826290131
0.826290131
0.826290131
0.826290131
0.826290131
0.826290131
0.826290131
0.826290131
0.826290131
0.826290131
0.826290131
0.826290131
0.826290131
0.826290131
0.826290131
0.826290131
0.826290131
0.826290131
0.826290131
0.826290131
0.82629019
0.82629019
0.82629019
0.82629019
0.82629019
0.82629019
0.82629019
0.82629019
0.82629019
0.82629019
0.82629019
0.82629019
0.82629019
0.82629019
0.82629019
0.82629019
0.82629019
0.82629019
0.82629019
0.82629019
0.82629019
0.82629019
0.82629019
0.82629019
0.82629019
0.82629019
0.82629019
0.82629019
0.82629019
0.82629019
0.82629019
0.82629019
0.82629025
0.82629025
0.82629025
0.82629025
0.82629025
0.82629025
0.82629025
0.82629025
0.82629025
0.82629025
0.82629025
0.82629025
0.82629025
0.82629025
0.82629025
0.82629025
0.82629025
0.82629025
0.82629025
0.82629025
0.82629025
0.82629025
0.82629025
0.82629025
0.82629025
0.82629025
0.82629025
0.82629025
0.82629025
0.82629025
0.82629025
0.82629025
0.826290309
0.826290309
0.826290309
0.826290309
0.826290309
0.826290309
0.826290309
0.826290309
0.826290309
0.826290309
0.826290309
0.826290309
0.826290309
0.826290309
0.826290309
0.826290309
0.826290309
0.826290309
0.826290309
0.826290309
0.826290309
0.826290309
0.826290309
0.826290309
0.826290309
0.826290309
0.826290309
0.826290309
0.826290309
0.826290309
0.826290309
0.826290309
0.826290369
0.826290369
0.826290369
0.826290369
0.826290369
0.826290369
0.826290369
0.826290369
0.826290369
0.826290369
0.826290369
0.826290369
0.826290369
0.826290369
0.826290369
0.826290369
0.826290369
0.826290369
0.826290369
0.826290369
0.826290369
0.826290369
0.826290369
0.826290369
0.826290369
0.826290369
0.826290369
0.826290369
0.826290369
0.826290369
0.826290369
0.826290369
0.826290429
0.826290429
0.826290429
0.826290429
0.826290429
0.826290429
0.826290429
0.826290429
0.826290429
0.826290429
0.826290429
0.826290429
0.826290429
0.826290429
0.826290429
0.826290429
0.826290429
0.826290429
0.826290429
0.826290429
0.826290429
0.826290429
0.826290429
0.826290429
0.826290429
0.826290429
0.826290429
0.826290429
0.826290429
0.826290429
0.826290429
0.826290429
0.826290488
0.826290488
0.826290488
0.826290488
0.826290488
0.826290488
0.826290488
0.826290488
0.826290488
0.826290488
0.826290488
0.826290488
0.826290488
0.826290488
0.826290488
0.826290488
0.826290488
0.826290488
0.826290488
0.826290488
0.826290488
0.826290488
0.826290488
0.826290488
0.826290488
0.826290488
0.826290488
0.826290488
0.826290488
0.826290488
0.826290488
0.826290488
0.826290488
0.826290548
0.826290548
0.826290548
0.826290548
0.826290548
0.826290548
0.826290548
0.826290548
0.826290548
0.826290548
0.826290548
0.826290548
0.826290548
0.826290548
0.826290548
0.826290548
0.826290548
0.826290548
0.826290548
0.826290548
0.826290548
0.826290548
0.826290548
0.826290548
0.826290548
0.826290548
0.826290548
0.826290548
0.826290548
0.826290548
0.826290548
0.826290548
0.826290607
0.826290607
0.826290607
0.826290607
0.826290607
0.826290607
0.826290607
0.826290607
0.826290607
0.826290607
0.826290607
0.826290607
0.826290607
0.826290607
0.826290607
0.826290607
0.826290607
0.826290607
0.826290607
0.826290607
0.826290607
0.826290607
0.826290607
0.826290607
0.826290607
0.826290607
0.826290607
0.826290607
0.826290607
0.826290607
0.826290607
0.826290607
0.826290667
0.826290667
0.826290667
0.826290667
0.826290667
0.826290667
0.826290667
0.826290667
0.826290667
0.826290667
0.826290667
0.826290667
0.826290667
0.826290667
0.826290667
0.826290667
0.826290667
0.826290667
0.826290667
0.826290667
0.826290667
0.826290667
0.826290667
0.826290667
0.826290667
0.826290667
0.826290667
0.826290667
0.826290667
0.826290667
0.826290667
0.826290667
0.826290727
0.826290727
0.826290727
0.826290727
0.826290727
0.826290727
0.826290727
0.826290727
0.826290727
0.826290727
0.826290727
0.826290727
0.826290727
0.826290727
0.826290727
0.826290727
0.826290727
0.826290727
0.826290727
0.826290727
0.826290727
0.826290727
0.826290727
0.826290727
0.826290727
0.826290727
0.826290727
0.826290727
0.826290727
0.826290727
0.826290727
0.826290727
0.826290786
0.826290786
0.826290786
0.826290786
0.826290786
0.826290786
0.826290786
0.826290786
0.826290786
0.826290786
0.826290786
0.826290786
0.826290786
0.826290786
0.826290786
0.826290786
0.826290786
0.826290786
0.826290786
0.826290786
0.826290786
0.826290786
0.826290786
0.826290786
0.826290786
0.826290786
0.826290786
0.826290786
0.826290786
0.826290786
0.826290786
0.826290786
0.826290846
0.826290846
0.826290846
0.826290846
0.826290846
0.826290846
0.826290846
0.826290846
0.826290846
0.826290846
0.826290846
0.826290846
0.826290846
0.826290846
0.826290846
0.826290846
0.826290846
0.826290846
0.826290846
0.826290846
0.826290846
0.826290846
0.826290846
0.826290846
0.826290846
0.826290846
0.826290846
0.826290846
0.826290846
0.826290846
0.826290846
0.826290846
0.826290905
0.826290905
0.826290905
0.826290905
0.826290905
0.826290905
0.826290905
0.826290905
0.826290905
0.826290905
0.826290905
0.826290905
0.826290905
0.826290905
0.826290905
0.826290905
0.826290905
0.826290905
0.826290905
0.826290905
0.826290905
0.826290905
0.826290905
0.826290905
0.826290905
0.826290905
0.826290905
0.826290905
0.826290905
0.826290905
0.826290905
0.826290905
0.826290965
0.826290965
0.826290965
0.826290965
0.826290965
0.826290965
0.826290965
0.826290965
0.826290965
0.826290965
0.826290965
0.826290965
0.826290965
0.826290965
0.826290965
0.826290965
0.826290965
0.826290965
0.826290965
0.826290965
0.826290965
0.826290965
0.826290965
0.826290965
0.826290965
0.826290965
0.826290965
0.826290965
0.826290965
0.826290965
0.826290965
0.826290965
0.826290965
0.826291025
0.826291025
0.826291025
0.826291025
0.826291025
0.826291025
0.826291025
0.826291025
0.826291025
0.826291025
0.826291025
0.826291025
0.826291025
0.826291025
0.826291025
0.826291025
0.826291025
0.826291025
0.826291025
0.826291025
0.826291025
0.826291025
0.826291025
0.826291025
0.826291025
0.826291025
0.826291025
0.826291025
0.826291025
0.826291025
0.826291025
0.826291025
0.826291084
0.826291084
0.826291084
0.826291084
0.826291084
0.826291084
0.826291084
0.826291084
0.826291084
0.826291084
0.826291084
0.826291084
0.826291084
0.826291084
0.826291084
0.826291084
0.826291084
0.826291084
0.826291084
0.826291084
0.826291084
0.826291084
0.826291084
0.826291084
0.826291084
0.826291084
0.826291084
0.826291084
0.826291084
0.826291084
0.826291084
0.826291084
0.826291144
0.826291144
0.826291144
0.826291144
0.826291144
0.826291144
0.826291144
0.826291144
0.826291144
0.826291144
0.826291144
0.826291144
0.826291144
0.826291144
0.826291144
0.826291144
0.826291144
0.826291144
0.826291144
0.826291144
0.826291144
0.826291144
0.826291144
0.826291144
0.826291144
0.826291144
0.826291144
0.826291144
0.826291144
0.826291144
0.826291144
0.826291144
0.826291204
0.826291204
0.826291204
0.826291204
0.826291204
0.826291204
0.826291204
0.826291204
0.826291204
0.826291204
0.826291204
0.826291204
0.826291204
0.826291204
0.826291204
0.826291204
0.826291204
0.826291204
0.826291204
0.826291204
0.826291204
0.826291204
0.826291204
0.826291204
0.826291204
0.826291204
0.826291204
0.826291204
0.826291204
0.826291204
0.826291204
0.826291204
0.826291263
0.826291263
0.826291263
0.826291263
0.826291263
0.826291263
0.826291263
0.826291263
0.826291263
0.826291263
0.826291263
0.826291263
0.826291263
0.826291263
0.826291263
0.826291263
0.826291263
0.826291263
0.826291263
0.826291263
0.826291263
0.826291263
0.826291263
0.826291263
0.826291263
0.826291263
0.826291263
0.826291263
0.826291263
0.826291263
0.826291263
0.826291263
0.826291323
0.826291323
0.826291323
0.826291323
0.826291323
0.826291323
0.826291323
0.826291323
0.826291323
0.826291323
0.826291323
0.826291323
0.826291323
0.826291323
0.826291323
0.826291323
0.826291323
0.826291323
0.826291323
0.826291323
0.826291323
0.826291323
0.826291323
0.826291323
0.826291323
0.826291323
0.826291323
0.826291323
0.826291323
0.826291323
0.826291323
0.826291323
0.826291382
0.826291382
0.826291382
0.826291382
0.826291382
0.826291382
0.826291382
0.826291382
0.826291382
0.826291382
0.826291382
0.826291382
0.826291382
0.826291382
0.826291382
0.826291382
0.826291382
0.826291382
0.826291382
0.826291382
0.826291382
0.826291382
0.826291382
0.826291382
0.826291382
0.826291382
0.826291382
0.826291382
0.826291382
0.826291382
0.826291382
0.826291382
0.826291442
0.826291442
0.826291442
0.826291442
0.826291442
0.826291442
0.826291442
0.826291442
0.826291442
0.826291442
0.826291442
0.826291442
0.826291442
0.826291442
0.826291442
0.826291442
0.826291442
0.826291442
0.826291442
0.826291442
0.826291442
0.826291442
0.826291442
0.826291442
0.826291442
0.826291442
0.826291442
0.826291442
0.826291442
0.826291442
0.826291442
0.826291442
0.826291502
0.826291502
0.826291502
0.826291502
0.826291502
0.826291502
0.826291502
0.826291502
0.826291502
0.826291502
0.826291502
0.826291502
0.826291502
0.826291502
0.826291502
0.826291502
0.826291502
0.826291502
0.826291502
0.826291502
0.826291502
0.826291502
0.826291502
0.826291502
0.826291502
0.826291502
0.826291502
0.826291502
0.826291502
0.826291502
0.826291502
0.826291502
0.826291502
0.826291561
0.826291561
0.826291561
0.826291561
0.826291561
0.826291561
0.826291561
0.826291561
0.826291561
0.826291561
0.826291561
0.826291561
0.826291561
0.826291561
0.826291561
0.826291561
0.826291561
0.826291561
0.826291561
0.826291561
0.826291561
0.826291561
0.826291561
0.826291561
0.826291561
0.826291561
0.826291561
0.826291561
0.826291561
0.826291561
0.826291561
0.826291561
0.826291621
0.826291621
0.826291621
0.826291621
0.826291621
0.826291621
0.826291621
0.826291621
0.826291621
0.826291621
0.826291621
0.826291621
0.826291621
0.826291621
0.826291621
0.826291621
0.826291621
0.826291621
0.826291621
0.826291621
0.826291621
0.826291621
0.826291621
0.826291621
0.826291621
0.826291621
0.826291621
0.826291621
0.826291621
0.826291621
0.826291621
0.826291621
0.82629168
0.82629168
0.82629168
0.82629168
0.82629168
0.82629168
0.82629168
0.82629168
0.82629168
0.82629168
0.82629168
0.82629168
0.82629168
0.82629168
0.82629168
0.82629168
0.82629168
0.82629168
0.82629168
0.82629168
0.82629168
0.82629168
0.82629168
0.82629168
0.82629168
0.82629168
0.82629168
0.82629168
0.82629168
0.82629168
0.82629168
0.82629168
0.82629174
0.82629174
0.82629174
0.82629174
0.82629174
0.82629174
0.82629174
0.82629174
0.82629174
0.82629174
0.82629174
0.82629174
0.82629174
0.82629174
0.82629174
0.82629174
0.82629174
0.82629174
0.82629174
0.82629174
0.82629174
0.82629174
0.82629174
0.82629174
0.82629174
0.82629174
0.82629174
0.82629174
0.82629174
0.82629174
0.82629174
0.82629174
0.8262918
0.8262918
0.8262918
0.8262918
0.8262918
0.8262918
0.8262918
0.8262918
0.8262918
0.8262918
0.8262918
0.8262918
0.8262918
0.8262918
0.8262918
0.8262918
0.8262918
0.8262918
0.8262918
0.8262918
0.8262918
0.8262918
0.8262918
0.8262918
0.8262918
0.8262918
0.8262918
0.8262918
0.8262918
0.8262918
0.8262918
0.8262918
0.826291859
0.826291859
0.826291859
0.826291859
0.826291859
0.826291859
0.826291859
0.826291859
0.826291859
0.826291859
0.826291859
0.826291859
0.826291859
0.826291859
0.826291859
0.826291859
0.826291859
0.826291859
0.826291859
0.826291859
0.826291859
0.826291859
0.826291859
0.826291859
0.826291859
0.826291859
0.826291859
0.826291859
0.826291859
0.826291859
0.826291859
0.826291859
0.826291919
0.826291919
0.826291919
0.826291919
0.826291919
0.826291919
0.826291919
0.826291919
0.826291919
0.826291919
0.826291919
0.826291919
0.826291919
0.826291919
0.826291919
0.826291919
0.826291919
0.826291919
0.826291919
0.826291919
0.826291919
0.826291919
0.826291919
0.826291919
0.826291919
0.826291919
0.826291919
0.826291919
0.826291919
0.826291919
0.826291919
0.826291919
0.826291978
0.826291978
0.826291978
0.826291978
0.826291978
0.826291978
0.826291978
0.826291978
0.826291978
0.826291978
0.826291978
0.826291978
0.826291978
0.826291978
0.826291978
0.826291978
0.826291978
0.826291978
0.826291978
0.826291978
0.826291978
0.826291978
0.826291978
0.826291978
0.826291978
0.826291978
0.826291978
0.826291978
0.826291978
0.826291978
0.826291978
0.826291978
0.826292038
0.826292038
0.826292038
0.826292038
0.826292038
0.826292038
0.826292038
0.826292038
0.826292038
0.826292038
0.826292038
0.826292038
0.826292038
0.826292038
0.826292038
0.826292038
0.826292038
0.826292038
0.826292038
0.826292038
0.826292038
0.826292038
0.826292038
0.826292038
0.826292038
0.826292038
0.826292038
0.826292038
0.826292038
0.826292038
0.826292038
0.826292038
0.826292038
0.826292098
0.826292098
0.826292098
0.826292098
0.826292098
0.826292098
0.826292098
0.826292098
0.826292098
0.826292098
0.826292098
0.826292098
0.826292098
0.826292098
0.826292098
0.826292098
0.826292098
0.826292098
0.826292098
0.826292098
0.826292098
0.826292098
0.826292098
0.826292098
0.826292098
0.826292098
0.826292098
0.826292098
0.826292098
0.826292098
0.826292098
0.826292098
0.826292157
0.826292157
0.826292157
0.826292157
0.826292157
0.826292157
0.826292157
0.826292157
0.826292157
0.826292157
0.826292157
0.826292157
0.826292157
0.826292157
0.826292157
0.826292157
0.826292157
0.826292157
0.826292157
0.826292157
0.826292157
0.826292157
0.826292157
0.826292157
0.826292157
0.826292157
0.826292157
0.826292157
0.826292157
0.826292157
0.826292157
0.826292157
0.826292217
0.826292217
0.826292217
0.826292217
0.826292217
0.826292217
0.826292217
0.826292217
0.826292217
0.826292217
0.826292217
0.826292217
0.826292217
0.826292217
0.826292217
0.826292217
0.826292217
0.826292217
0.826292217
0.826292217
0.826292217
0.826292217
0.826292217
0.826292217
0.826292217
0.826292217
0.826292217
0.826292217
0.826292217
0.826292217
0.826292217
0.826292217
0.826292276
0.826292276
0.826292276
0.826292276
0.826292276
0.826292276
0.826292276
0.826292276
0.826292276
0.826292276
0.826292276
0.826292276
0.826292276
0.826292276
0.826292276
0.826292276
0.826292276
0.826292276
0.826292276
0.826292276
0.826292276
0.826292276
0.826292276
0.826292276
0.826292276
0.826292276
0.826292276
0.826292276
0.826292276
0.826292276
0.826292276
0.826292276
0.826292336
0.826292336
0.826292336
0.826292336
0.826292336
0.826292336
0.826292336
0.826292336
0.826292336
0.826292336
0.826292336
0.826292336
0.826292336
0.826292336
0.826292336
0.826292336
0.826292336
0.826292336
0.826292336
0.826292336
0.826292336
0.826292336
0.826292336
0.826292336
0.826292336
0.826292336
0.826292336
0.826292336
0.826292336
0.826292336
0.826292336
0.826292336
0.826292396
0.826292396
0.826292396
0.826292396
0.826292396
0.826292396
0.826292396
0.826292396
0.826292396
0.826292396
0.826292396
0.826292396
0.826292396
0.826292396
0.826292396
0.826292396
0.826292396
0.826292396
0.826292396
0.826292396
0.826292396
0.826292396
0.826292396
0.826292396
0.826292396
0.826292396
0.826292396
0.826292396
0.826292396
0.826292396
0.826292396
0.826292396
0.826292455
0.826292455
0.826292455
0.826292455
0.826292455
0.826292455
0.826292455
0.826292455
0.826292455
0.826292455
0.826292455
0.826292455
0.826292455
0.826292455
0.826292455
0.826292455
0.826292455
0.826292455
0.826292455
0.826292455
0.826292455
0.826292455
0.826292455
0.826292455
0.826292455
0.826292455
0.826292455
0.826292455
0.826292455
0.826292455
0.826292455
0.826292455
0.826292515
0.826292515
0.826292515
0.826292515
0.826292515
0.826292515
0.826292515
0.826292515
0.826292515
0.826292515
0.826292515
0.826292515
0.826292515
0.826292515
0.826292515
0.826292515
0.826292515
0.826292515
0.826292515
0.826292515
0.826292515
0.826292515
0.826292515
0.826292515
0.826292515
0.826292515
0.826292515
0.826292515
0.826292515
0.826292515
0.826292515
0.826292515
0.826292574
0.826292574
0.826292574
0.826292574
0.826292574
0.826292574
0.826292574
0.826292574
0.826292574
0.826292574
0.826292574
0.826292574
0.826292574
0.826292574
0.826292574
0.826292574
0.826292574
0.826292574
0.826292574
0.826292574
0.826292574
0.826292574
0.826292574
0.826292574
0.826292574
0.826292574
0.826292574
0.826292574
0.826292574
0.826292574
0.826292574
0.826292574
0.826292574
0.826292634
0.826292634
0.826292634
0.826292634
0.826292634
0.826292634
0.826292634
0.826292634
0.826292634
0.826292634
0.826292634
0.826292634
0.826292634
0.826292634
0.826292634
0.826292634
0.826292634
0.826292634
0.826292634
0.826292634
0.826292634
0.826292634
0.826292634
0.826292634
0.826292634
0.826292634
0.826292634
0.826292634
0.826292634
0.826292634
0.826292634
0.826292634
0.826292694
0.826292694
0.826292694
0.826292694
0.826292694
0.826292694
0.826292694
0.826292694
0.826292694
0.826292694
0.826292694
0.826292694
0.826292694
0.826292694
0.826292694
0.826292694
0.826292694
0.826292694
0.826292694
0.826292694
0.826292694
0.826292694
0.826292694
0.826292694
0.826292694
0.826292694
0.826292694
0.826292694
0.826292694
0.826292694
0.826292694
0.826292694
0.826292753
0.826292753
0.826292753
0.826292753
0.826292753
0.826292753
0.826292753
0.826292753
0.826292753
0.826292753
0.826292753
0.826292753
0.826292753
0.826292753
0.826292753
0.826292753
0.826292753
0.826292753
0.826292753
0.826292753
0.826292753
0.826292753
0.826292753
0.826292753
0.826292753
0.826292753
0.826292753
0.826292753
0.826292753
0.826292753
0.826292753
0.826292753
0.826292813
0.826292813
0.826292813
0.826292813
0.826292813
0.826292813
0.826292813
0.826292813
0.826292813
0.826292813
0.826292813
0.826292813
0.826292813
0.826292813
0.826292813
0.826292813
0.826292813
0.826292813
0.826292813
0.826292813
0.826292813
0.826292813
0.826292813
0.826292813
0.826292813
0.826292813
0.826292813
0.826292813
0.826292813
0.826292813
0.826292813
0.826292813
0.826292872
0.826292872
0.826292872
0.826292872
0.826292872
0.826292872
0.826292872
0.826292872
0.826292872
0.826292872
0.826292872
0.826292872
0.826292872
0.826292872
0.826292872
0.826292872
0.826292872
0.826292872
0.826292872
0.826292872
0.826292872
0.826292872
0.826292872
0.826292872
0.826292872
0.826292872
0.826292872
0.826292872
0.826292872
0.826292872
0.826292872
0.826292872
0.826292932
0.826292932
0.826292932
0.826292932
0.826292932
0.826292932
0.826292932
0.826292932
0.826292932
0.826292932
0.826292932
0.826292932
0.826292932
0.826292932
0.826292932
0.826292932
0.826292932
0.826292932
0.826292932
0.826292932
0.826292932
0.826292932
0.826292932
0.826292932
0.826292932
0.826292932
0.826292932
0.826292932
0.826292932
0.826292932
0.826292932
0.826292932
0.826292992
0.826292992
0.826292992
0.826292992
0.826292992
0.826292992
0.826292992
0.826292992
0.826292992
0.826292992
0.826292992
0.826292992
0.826292992
0.826292992
0.826292992
0.826292992
0.826292992
0.826292992
0.826292992
0.826292992
0.826292992
0.826292992
0.826292992
0.826292992
0.826292992
0.826292992
0.826292992
0.826292992
0.826292992
0.826292992
0.826292992
0.826292992
0.826293051
0.826293051
0.826293051
0.826293051
0.826293051
0.826293051
0.826293051
0.826293051
0.826293051
0.826293051
0.826293051
0.826293051
0.826293051
0.826293051
0.826293051
0.826293051
0.826293051
0.826293051
0.826293051
0.826293051
0.826293051
0.826293051
0.826293051
0.826293051
0.826293051
0.826293051
0.826293051
0.826293051
0.826293051
0.826293051
0.826293051
0.826293051
0.826293111
0.826293111
0.826293111
0.826293111
0.826293111
0.826293111
0.826293111
0.826293111
0.826293111
0.826293111
0.826293111
0.826293111
0.826293111
0.826293111
0.826293111
0.826293111
0.826293111
0.826293111
0.826293111
0.826293111
0.826293111
0.826293111
0.826293111
0.826293111
0.826293111
0.826293111
0.826293111
0.826293111
0.826293111
0.826293111
0.826293111
0.826293111
0.82629317
0.82629317
0.82629317
0.82629317
0.82629317
0.82629317
0.82629317
0.82629317
0.82629317
0.82629317
0.82629317
0.82629317
0.82629317
0.82629317
0.82629317
0.82629317
0.82629317
0.82629317
0.82629317
0.82629317
0.82629317
0.82629317
0.82629317
0.82629317
0.82629317
0.82629317
0.82629317
0.82629317
0.82629317
0.82629317
0.82629317
0.82629317
0.82629317
0.82629323
0.82629323
0.82629323
0.82629323
0.82629323
0.82629323
0.82629323
0.82629323
0.82629323
0.82629323
0.82629323
0.82629323
0.82629323
0.82629323
0.82629323
0.82629323
0.82629323
0.82629323
0.82629323
0.82629323
0.82629323
0.82629323
0.82629323
0.82629323
0.82629323
0.82629323
0.82629323
0.82629323
0.82629323
0.82629323
0.82629323
0.82629323
0.82629329
0.82629329
0.82629329
0.82629329
0.82629329
0.82629329
0.82629329
0.82629329
0.82629329
0.82629329
0.82629329
0.82629329
0.82629329
0.82629329
0.82629329
0.82629329
0.82629329
0.82629329
0.82629329
0.82629329
0.82629329
0.82629329
0.82629329
0.82629329
0.82629329
0.82629329
0.82629329
0.82629329
0.82629329
0.82629329
0.82629329
0.82629329
0.826293349
0.826293349
0.826293349
0.826293349
0.826293349
0.826293349
0.826293349
0.826293349
0.826293349
0.826293349
0.826293349
0.826293349
0.826293349
0.826293349
0.826293349
0.826293349
0.826293349
0.826293349
0.826293349
0.826293349
0.826293349
0.826293349
0.826293349
0.826293349
0.826293349
0.826293349
0.826293349
0.826293349
0.826293349
0.826293349
0.826293349
0.826293349
0.826293409
0.826293409
0.826293409
0.826293409
0.826293409
0.826293409
0.826293409
0.826293409
0.826293409
0.826293409
0.826293409
0.826293409
0.826293409
0.826293409
0.826293409
0.826293409
0.826293409
0.826293409
0.826293409
0.826293409
0.826293409
0.826293409
0.826293409
0.826293409
0.826293409
0.826293409
0.826293409
0.826293409
0.826293409
0.826293409
0.826293409
0.826293409
0.826293468
0.826293468
0.826293468
0.826293468
0.826293468
0.826293468
0.826293468
0.826293468
0.826293468
0.826293468
0.826293468
0.826293468
0.826293468
0.826293468
0.826293468
0.826293468
0.826293468
0.826293468
0.826293468
0.826293468
0.826293468
0.826293468
0.826293468
0.826293468
0.826293468
0.826293468
0.826293468
0.826293468
0.826293468
0.826293468
0.826293468
0.826293468
0.826293528
0.826293528
0.826293528
0.826293528
0.826293528
0.826293528
0.826293528
0.826293528
0.826293528
0.826293528
0.826293528
0.826293528
0.826293528
0.826293528
0.826293528
0.826293528
0.826293528
0.826293528
0.826293528
0.826293528
0.826293528
0.826293528
0.826293528
0.826293528
0.826293528
0.826293528
0.826293528
0.826293528
0.826293528
0.826293528
0.826293528
0.826293528
0.826293588
0.826293588
0.826293588
0.826293588
0.826293588
0.826293588
0.826293588
0.826293588
0.826293588
0.826293588
0.826293588
0.826293588
0.826293588
0.826293588
0.826293588
0.826293588
0.826293588
0.826293588
0.826293588
0.826293588
0.826293588
0.826293588
0.826293588
0.826293588
0.826293588
0.826293588
0.826293588
0.826293588
0.826293588
0.826293588
0.826293588
0.826293588
0.826293647
0.826293647
0.826293647
0.826293647
0.826293647
0.826293647
0.826293647
0.826293647
0.826293647
0.826293647
0.826293647
0.826293647
0.826293647
0.826293647
0.826293647
0.826293647
0.826293647
0.826293647
0.826293647
0.826293647
0.826293647
0.826293647
0.826293647
0.826293647
0.826293647
0.826293647
0.826293647
0.826293647
0.826293647
0.826293647
0.826293647
0.826293647
0.826293707
0.826293707
0.826293707
0.826293707
0.826293707
0.826293707
0.826293707
0.826293707
0.826293707
0.826293707
0.826293707
0.826293707
0.826293707
0.826293707
0.826293707
0.826293707
0.826293707
0.826293707
0.826293707
0.826293707
0.826293707
0.826293707
0.826293707
0.826293707
0.826293707
0.826293707
0.826293707
0.826293707
0.826293707
0.826293707
0.826293707
0.826293707
0.826293767
0.826293767
0.826293767
0.826293767
0.826293767
0.826293767
0.826293767
0.826293767
0.826293767
0.826293767
0.826293767
0.826293767
0.826293767
0.826293767
0.826293767
0.826293767
0.826293767
0.826293767
0.826293767
0.826293767
0.826293767
0.826293767
0.826293767
0.826293767
0.826293767
0.826293767
0.826293767
0.826293767
0.826293767
0.826293767
0.826293767
0.826293767
0.826293826
0.826293826
0.826293826
0.826293826
0.826293826
0.826293826
0.826293826
0.826293826
0.826293826
0.826293826
0.826293826
0.826293826
0.826293826
0.826293826
0.826293826
0.826293826
0.826293826
0.826293826
0.826293826
0.826293826
0.826293826
0.826293826
0.826293826
0.826293826
0.826293826
0.826293826
0.826293826
0.826293826
0.826293826
0.826293826
0.826293826
0.826293826
0.826293826
0.826293886
0.826293886
0.826293886
0.826293886
0.826293886
0.826293886
0.826293886
0.826293886
0.826293886
0.826293886
0.826293886
0.826293886
0.826293886
0.826293886
0.826293886
0.826293886
0.826293886
0.826293886
0.826293886
0.826293886
0.826293886
0.826293886
0.826293886
0.826293886
0.826293886
0.826293886
0.826293886
0.826293886
0.826293886
0.826293886
0.826293886
0.826293886
0.826293945
0.826293945
0.826293945
0.826293945
0.826293945
0.826293945
0.826293945
0.826293945
0.826293945
0.826293945
0.826293945
0.826293945
0.826293945
0.826293945
0.826293945
0.826293945
0.826293945
0.826293945
0.826293945
0.826293945
0.826293945
0.826293945
0.826293945
0.826293945
0.826293945
0.826293945
0.826293945
0.826293945
0.826293945
0.826293945
0.826293945
0.826293945
0.826294005
0.826294005
0.826294005
0.826294005
0.826294005
0.826294005
0.826294005
0.826294005
0.826294005
0.826294005
0.826294005
0.826294005
0.826294005
0.826294005
0.826294005
0.826294005
0.826294005
0.826294005
0.826294005
0.826294005
0.826294005
0.826294005
0.826294005
0.826294005
0.826294005
0.826294005
0.826294005
0.826294005
0.826294005
0.826294005
0.826294005
0.826294005
0.826294065
0.826294065
0.826294065
0.826294065
0.826294065
0.826294065
0.826294065
0.826294065
0.826294065
0.826294065
0.826294065
0.826294065
0.826294065
0.826294065
0.826294065
0.826294065
0.826294065
0.826294065
0.826294065
0.826294065
0.826294065
0.826294065
0.826294065
0.826294065
0.826294065
0.826294065
0.826294065
0.826294065
0.826294065
0.826294065
0.826294065
0.826294065
0.826294124
0.826294124
0.826294124
0.826294124
0.826294124
0.826294124
0.826294124
