0.094921596
0.095320895
0.096132249
0.096988857
0.097839132
0.098663181
0.099389784
0.100000009
0.100544952
0.101088233
0.101628073
0.102152653
0.102659374
0.103144526
0.103601821
0.104027182
0.104422368
0.104793631
0.105148189
0.105491422
0.10582678
0.106156543
0.106482394
0.106805637
0.107127219
0.107448727
0.107771657
0.108096115
0.108421288
0.108746797
0.109073371
0.109403297
0.109739237
0.110083446
0.11043907
0.110811517
0.111209817
0.111604571
0.111910097
0.112141043
0.112317242
0.112456873
0.112576403
0.112687506
0.112795874
0.112904668
0.113019988
0.113150582
0.113306917
0.113498472
0.113731757
0.114009514
0.114330374
0.114687823
0.11507114
0.115469143
0.115873627
0.116280034
0.116686583
0.117093951
0.117506273
0.117931686
0.118337438
0.118692726
0.119016148
0.119319126
0.119603544
0.119875208
0.12014015
0.120401837
0.120666601
0.120944753
0.121249795
0.121599451
0.122021742
0.12256673
0.123175494
0.123552047
0.123805895
0.124011114
0.124195993
0.124370426
0.124540195
0.124719061
0.124947004
0.125315905
0.125958249
0.126363963
0.126453161
0.126457989
0.126458094
0.126493767
0.126653954
0.127122775
0.128185093
0.129067644
0.129459634
0.129730776
0.129990637
0.130388379
0.131460413
0.133236423
0.13357909
0.133464992
0.133293644
0.133292034
0.13403672
0.13620694
0.13818115
0.138547659
0.138351142
0.138423949
0.146308213
0.14715448
0.145665735
0.154809594
0.163504407
0.168650761
0.174158424
0.176824555
0.182452142
0.195327431
0.224065736
0.302705348
0.467267692
0.699999988
0.699999988
0.699999988
0.699999988
0.699999988
0.699999988
0.699999988
0.699999988
0.699999988
0.699999988
0.699999988
0.699999988
0.699999988
0.699999988
0.699999988
0.699999988
0.699999988
0.699999988
0.699999988
0.699999988
0.699999988
0.699999988
0.699999988
0.699999988
0.699999988
0.699999988
0.699999988
0.699999988
0.699999988
0.699999988
0.699999988
0.699999988
0.699999988
0.699999988
0.699999988
0.699999988
0.699999988
0.699999988
0.699999988
0.699999988
0.699999988
0.699999988
0.699999988
0.699999988
0.699999988
0.699999988
0.699999988
0.699999988
0.699999988
0.699999988
0.699999988
0.699999988
0.699999988
0.699999988
0.699999988
0.699999988
0.699999988
0.699999988
0.699999988
0.699999988
0.699999988
0.699999988
0.699999988
0.699999988
0.699999988
0.699999988
0.699999988
0.699999988
0.699999988
0.699999988
0.699999988
0.699999988
0.699999988
0.699999988
0.699999988
0.699999988
0.699999988
0.699999988
0.699999988
0.699999988
0.699999988
0.699999988
0.699999988
0.699999988
0.699999988
0.699999988
0.699999988
0.699999988
0.699999988
0.699999988
0.699999988
0.699999988
0.699999988
0.699999988
0.699999988
0.699999988
0.699999988
0.699999988
0.699999988
0.699999988
0.699999988
0.699999988
0.699999988
0.699999988
0.699999988
0.699999988
0.699999988
0.699999988
0.699999988
0.699999988
0.699999988
0.699999988
0.699999988
0.699999988
0.699999988
0.699999988
0.699999988
0.699999988
0.699999988
0.699999988
0.699999988
0.699999988
0.699999988
0.699999988
0.699999988
0.699999988
0.699999988
0.699999988
0.699999988
0.699999988
0.699999988
0.699999988
0.699999988
0.699999988
0.699999988
0.699999988
0.699999988
0.699999988
0.699999988
0.699999988
0.699999988
0.699999988
0.699999988
0.699999988
0.699999988
0.699999988
0.699999988
0.699999988
0.699999988
0.699999988
0.699999988
0.699999988
0.699999988
0.699999988
0.699999988
0.699999988
0.699999988
0.699999988
0.699999988
0.699999988
0.699999988
0.699999988
0.699999988
0.699999988
0.699999988
0.699999988
0.699999988
0.699999988
0.699999988
0.699999988
0.699999988
0.699999988
0.699999988
0.699999988
0.699999988
0.699999988
0.699999988
0.699999988
0.699999988
0.699999988
0.699999988
0.699999988
0.699999988
0.699999988
0.699999988
0.699999988
0.699999988
0.699999988
0.699999988
0.699999988
0.699999988
0.699999988
0.699999988
0.699999988
0.699999988
0.699999988
0.699999988
0.699999988
0.699999988
0.699999988
0.699999988
0.699999988
0.699999988
0.699999988
0.699999988
0.699999988
0.699999988
0.699999988
0.699999988
0.699999988
0.699999988
0.699999988
0.699999988
0.699999988
0.699999988
0.699999988
0.699999988
0.699999988
0.699999988
0.699999988
0.699999988
0.699999988
0.699999988
0.699999988
0.699999988
0.699999988
0.699999988
0.699999988
0.699999988
0.699999988
0.699999988
0.699999988
0.699999988
0.699999988
0.699999988
0.699999988
0.699999988
0.699999988
0.699999988
0.699999988
0.699999988
0.699999988
0.699999988
0.699999988
0.699999988
0.699999988
0.699999988
0.699999988
0.699999988
0.699999988
0.699999988
0.699999988
0.699999988
0.699999988
0.699999988
0.699999988
0.699999988
0.699999988
0.699999988
0.699999988
0.699999988
0.699999988
0.699999988
0.699999988
0.699999988
0.699999988
0.699999988
0.699999988
0.699999988
0.699999988
0.699999988
0.699999988
0.699999988
0.699999988
0.699999988
0.699999988
0.699999988
0.693873465
0.682595909
0.68403548
0.689402997
0.662822008
0.65838623
0.663548768
0.646925688
0.641023874
0.632360697
0.627907276
0.620570362
0.614017904
0.608343542
0.603342295
0.598346353
0.594148219
0.590447545
0.586795688
0.583144128
0.580316007
0.577035546
0.574452043
0.571698487
0.569110692
0.56673348
0.564522684
0.562465072
0.560541272
0.558739066
0.557048082
0.555455148
0.553954661
0.552540541
0.551202118
0.549935639
0.548736572
0.547599435
0.546519697
0.545494497
0.54452008
0.543592393
0.542708993
0.541867912
0.54106611
0.540301085
0.539570808
0.538873672
0.538208127
0.537572026
0.536963999
0.536382675
0.535826385
0.535294175
0.534784913
0.534297049
0.533829927
0.533382714
0.532953858
0.532543004
0.532149494
0.531771779
0.53140974
0.531062841
0.530729771
0.53041023
0.530103922
0.529809952
0.529527366
0.529256582
0.528996825
0.528747022
0.528507173
0.528277218
0.528056383
0.527843833
0.527639866
0.527444243
0.527256191
0.527075231
0.526901722
0.526735067
0.526574671
0.526420772
0.526272833
0.526130617
0.525994122
0.525862753
0.525736392
0.525615275
0.525498629
0.525386393
0.525278807
0.525175273
0.525075495
0.524979591
0.524887443
0.52479887
0.524713755
0.524631917
0.524553239
0.524477661
0.524405003
0.524335146
0.524267972
0.52420342
0.524141312
0.524081647
0.524024248
0.523969114
0.523916066
0.523865044
0.523815989
0.523768783
0.523723423
0.523679793
0.523637831
0.523597479
0.523558617
0.523521304
0.523485422
0.523450851
0.523417592
0.523385644
0.523354888
0.523325324
0.523296833
0.523269415
0.52324307
0.523217738
0.5231933
0.523169816
0.523147225
0.52312547
0.523104548
0.523084342
0.523064971
0.523046255
0.523028255
0.523010969
0.52299428
0.522978187
0.522962689
0.522947788
0.522933424
0.522919536
0.522906244
0.522893369
0.522880971
0.522868991
0.522857428
0.522846341
0.522835612
0.522825241
0.522815228
0.522805572
0.522796273
0.522787273
0.522778571
0.522770166
0.52276206
0.522754192
0.522746563
0.522739232
0.522732079
0.522725224
0.522718489
0.522712052
0.522705734
0.522699654
0.522693753
0.522687972
0.522682428
0.522677004
0.5226717
0.522666574
0.522661567
0.522656679
0.522651911
0.522647262
0.522642732
0.522638321
0.52263397
0.522629738
0.522625566
0.522621512
0.522617519
0.522613585
0.522609711
0.522605896
0.522602201
0.522598505
0.522594869
0.522591293
0.522587717
0.5225842
0.522580743
0.522577286
0.522573888
0.522570491
0.522567153
0.522563815
0.522560477
0.522557139
0.522553802
0.522550523
0.522547245
0.522543907
0.522540629
0.522537351
0.522534013
0.522530675
0.522527337
0.522523999
0.522520661
0.522517264
0.522513866
0.522510469
0.522507012
0.522503555
0.522500038
0.522496462
0.522492945
0.522489309
0.522485673
0.522481978
0.522478282
0.522474468
0.522470653
0.522466779
0.522462904
0.522458911
0.522454917
0.522450864
0.522446692
0.52244252
0.522438288
0.522433937
0.522429585
0.522425115
0.522420585
0.522415996
0.522411346
0.522406638
0.52240181
0.522396922
0.522391975
0.522386909
0.522381783
0.522376597
0.522371292
0.522365868
0.522360384
0.522354841
0.522349179
0.522343397
0.522337496
0.522331536
0.522325516
0.522319317
0.522313058
0.522306621
0.522300124
0.522293508
0.522286832
0.522279978
0.522273004
0.522265911
0.522258699
0.522251368
0.522243917
0.522236347
0.522228658
0.52222079
0.522212803
0.522204697
0.522196412
0.522188008
0.522179484
0.522170782
0.522161901
0.522152901
0.522143781
0.522134483
0.522125006
0.522115409
0.522105634
0.52209568
0.522085547
0.522075236
0.522064805
0.522054136
0.522043347
0.522032321
0.522021174
0.52200979
0.521998227
0.521986485
0.521974564
0.521962464
0.521950126
0.521937609
0.521924853
0.521911919
0.521898746
0.521885395
0.521871805
0.521858037
0.521844029
0.521829784
0.5218153
0.521800637
0.521785736
0.521770537
0.521755159
0.521739542
0.521723628
0.521707535
0.521691144
0.521674514
0.521657646
0.52164048
0.521623075
0.521605432
0.521587491
0.521569252
0.521550775
0.521531999
0.521512985
0.521493673
0.521474063
0.521454155
0.521433949
0.521413445
0.521392643
0.521371543
0.521350145
0.521328449
0.521306455
0.521284103
0.521261454
0.521238446
0.521215141
0.521191537
0.521167517
0.521143258
0.521118581
0.521093607
0.521068275
0.521042585
0.521016538
0.520990133
0.520963371
0.520936251
0.520908773
0.520880938
0.520852685
0.520824075
0.520795107
0.520765722
0.520735979
0.520705819
0.520675242
0.520644307
0.520612955
0.520581186
0.520549059
0.520516455
0.520483494
0.520450115
0.52041626
0.520381987
0.520347357
0.52031225
0.520276666
0.520240664
0.520204246
0.52016741
0.520130098
0.520092309
0.520054102
0.520015359
0.519976258
0.519936621
0.519896567
0.519855976
0.519814968
0.519773483
0.519731462
0.519689023
0.519646049
0.519602597
0.519558668
0.519514263
0.519469321
0.519423842
0.519377947
0.519331455
0.519284487
0.519237041
0.51918906
0.519140542
0.519091487
0.519041955
0.518991888
0.518941283
0.518890142
0.518838465
0.518786252
0.518733442
0.518680155
0.518626332
0.518571913
0.518517017
0.518461525
0.518405437
0.518348873
0.518291712
0.518233955
0.518175721
0.518116832
0.518057466
0.517997444
0.517936885
0.517875791
0.5178141
0.517751813
0.51768899
0.51762557
0.517561555
0.517496943
0.517431796
0.517366052
0.517299712
0.517232776
0.517165303
0.517097175
0.517028511
0.51695925
0.516889393
0.516818941
0.516747892
0.516676247
0.516604006
0.516531169
0.516457736
0.516383767
0.516309142
0.516233921
0.516158104
0.51608175
0.516004741
0.515927136
0.515848994
0.515770197
0.515690804
0.515610874
0.515530288
0.515449166
0.515367389
0.515285075
0.515202165
0.515118659
0.515034556
0.514949858
0.514864564
0.514778674
0.514692247
0.514605224
0.514517605
0.51442945
0.514340639
0.514251292
0.514161408
0.514070868
0.513979852
0.51388818
0.513795972
0.513703227
0.513609886
0.513516009
0.513421595
0.513326585
0.513231039
0.513134956
0.513038278
0.512941122
0.51284337
0.512745082
0.512646317
0.512546957
0.512447119
0.512346745
0.512245834
0.512144446
0.512042463
0.511940062
0.511837065
0.511733651
0.511629701
0.511525273
0.51142031
0.511314929
0.511209011
0.511102676
0.510995805
0.510888577
0.510780752
0.510672569
0.51056385
0.510454834
0.510345221
0.51023531
0.510124803
0.510014057
0.509902716
0.509791136
0.50967896
0.509566545
0.509453595
0.509340465
0.50922668
0.509112775
0.508998275
0.508883655
0.508768439
0.508653164
0.508537173
0.508421242
0.508304596
0.508188009
0.508070707
0.507953525
0.507835567
0.507717907
0.507599294
0.507481098
0.507361948
0.507243216
0.50712353
0.50700438
0.506884158
0.506764531
0.506643951
0.506523848
0.50640285
0.506282389
0.506161034
0.506040215
0.505918503
0.505797386
0.505675375
0.505553961
0.505431771
0.505310118
0.50518775
0.505065858
0.504943311
0.504821301
0.504698634
0.504576504
0.504453838
0.504331648
0.504208922
0.504086792
0.503964126
0.503841996
0.503719389
0.503597379
0.503474951
0.503353119
0.503230929
0.503109276
0.502987385
0.50286603
0.502744496
0.502623439
0.502502382
0.502381742
0.502261221
0.502141058
0.502021134
0.501901567
0.501782358
0.501663446
0.501545012
0.501426756
0.501309276
0.501191914
0.501075447
0.500958979
0.500843883
0.50072813
0.500614583
0.500500321
0.500386775
0.500276208
0.500162542
0.50005126
0.499945879
0.499831468
0.499726802
0.499616683
0.49951458
0.499409437
0.499302238
0.499199957
0.499106169
0.49900341
0.49890095
0.498804241
0.498719692
0.4986251
0.498530298
0.498438686
0.498362809
0.498279721
0.498198479
0.498117924
0.498050749
0.497982055
0.497922838
