0.908854067
0.9076671
0.906634569
0.905836105
0.905170381
0.904580951
0.903994143
0.90338856
0.90278542
0.902200103
0.901639104
0.901101887
0.900583446
0.900077581
0.899579823
0.89908272
0.898583651
0.898082733
0.897580147
0.897075772
0.896569431
0.896060586
0.895548999
0.895034552
0.894517362
0.893997431
0.893474638
0.892948866
0.892419577
0.891886413
0.891349077
0.890807331
0.890261054
0.889710128
0.889154434
0.888593853
0.888028026
0.887456656
0.886879325
0.886295378
0.88570416
0.885104835
0.884496629
0.883878708
0.883250177
0.882610321
0.881958485
0.881294012
0.880616248
0.879924476
0.879217803
0.878495097
0.877754927
0.876995444
0.876214385
0.875408947
0.874576092
0.873712242
0.872813344
0.87187463
0.870890439
0.869854033
0.868758559
0.867595196
0.866349936
0.865003228
0.863535047
0.861787915
0.858728945
0.853785396
0.846568525
0.835521221
0.803772509
0.347529888
0.155738473
0.155889019
0.156038851
0.156187966
0.156336337
0.156483963
0.156630844
0.156776965
0.156922325
0.157066911
0.157210737
0.157353774
0.15749602
0.157637477
0.157778159
0.157918021
0.158057094
0.158195347
0.15833278
0.158469409
0.158605203
0.158740178
0.158874303
0.159007609
0.159140065
0.159271687
0.15940246
0.159532368
0.159661442
0.159789667
0.159917027
0.160043523
0.160169184
0.160293967
0.160417885
0.160540953
0.160663158
0.160784483
0.160904959
0.161024556
0.161143288
0.161261141
0.16137813
0.16149427
0.16160953
0.161723927
0.161837459
0.161950111
0.162061915
0.162172854
0.162282944
0.162392154
0.162500501
0.162607998
0.16271463
0.162820414
0.162925333
0.163029402
0.163132623
0.163234994
0.16333653
0.163437203
0.16353704
0.163636029
0.163734183
0.163831502
0.163927987
0.164023653
0.164118469
0.16421248
0.164305657
0.164398015
0.164489552
0.164580286
0.164670199
0.164759308
0.164847612
0.164935127
0.165021837
0.165107742
0.165192872
0.165277198
0.165360764
0.16544354
0.165525541
0.165606767
0.165687233
0.165766925
0.165845871
0.165924057
0.166001499
0.16607818
0.166154131
0.166229323
0.166303799
0.16637753
0.166450545
0.166522831
0.166594386
0.166665241
0.166735381
0.16680482
0.166873544
0.166941583
0.167008936
0.167075589
0.167141557
0.167206854
0.167271465
0.167335421
0.167398706
0.167461336
0.16752331
0.167584613
0.167645276
0.167705297
0.167764679
0.167823404
0.167881519
0.167939007
0.167995885
0.168052137
0.168107793
0.168162838
0.168217286
0.168271139
0.168324396
0.168377057
0.168429136
0.16848062
0.168531537
0.168581873
0.168631658
0.168680891
0.168729559
0.168777674
0.168825254
0.168872312
0.168918818
0.168964788
0.169010237
0.169055164
0.169099569
0.169143438
0.169186801
0.169229656
0.169272035
0.169313923
0.169355288
0.169396132
0.169436514
0.169476464
0.169515878
0.1695548
0.169593289
0.169630587
0.169664904
0.169696316
0.169723421
0.169747427
0.169768736
0.169787601
0.169804543
0.169819906
0.169833899
0.169846699
0.169858441
0.169869214
0.169879079
0.169888124
0.169896454
0.169904128
0.169911206
0.169917747
0.169923797
0.169929385
0.169934556
0.169939354
0.169943795
0.169947907
0.169951722
0.169955254
0.169958547
0.169961587
0.169964403
0.169967011
0.16996944
0.16997169
0.169973791
0.169975728
0.169977516
0.169979185
0.169980735
0.169982165
0.169983506
0.169984743
0.16998589
0.169986948
0.169987932
0.169988856
0.169989705
0.16999048
0.16999121
0.169991896
0.169992521
0.169993103
0.169993654
0.169994161
0.169994622
0.169995055
0.169995457
0.169995829
0.169996187
0.169996515
0.169996813
0.169997096
0.169997349
0.169997603
0.169997826
0.169998035
0.169998243
0.169998422
0.169998601
0.169998765
0.169998914
0.169999063
0.169999197
0.169999331
0.16999945
0.16999957
0.169999674
0.169999778
0.169999883
0.169999972
0.170000061
0.170000166
0.17000024
0.17000033
0.170000419
0.170000494
0.170000568
0.170000643
0.170000732
0.170000806
0.170000881
0.170000955
0.17000103
0.170001104
0.170001179
0.170001253
0.170001343
0.170001417
0.170001492
0.170001581
0.170001656
0.170001745
0.170001835
0.170001924
0.170002013
0.170002103
0.170002207
0.170002297
0.170002401
0.170002505
0.170002609
0.170002729
0.170002833
0.170002952
0.170003071
0.170003191
0.170003325
0.170003459
0.170003593
0.170003727
0.170003876
0.17000401
0.170004174
0.170004323
0.170004487
0.170004651
0.17000483
0.170005009
0.170005187
0.170005366
0.17000556
0.170005769
0.170005962
0.170006186
0.170006394
0.170006618
0.170006856
0.17000708
0.170007333
0.170007586
0.17000784
0.170008093
0.170008376
0.170008644
0.170008942
0.170009226
0.170009539
0.170009837
0.170010164
0.170010492
0.17001082
0.170011163
0.17001152
0.170011878
0.170012251
0.170012638
0.170013025
0.170013428
0.17001383
0.170014247
0.170014679
0.170015112
0.170015559
0.170016021
0.170016497
0.170016974
0.170017466
0.170017973
0.170018479
0.170019001
0.170019537
0.170020089
0.170020655
0.170021221
0.170021802
0.170022398
0.170023009
0.170023635
0.170024261
0.170024902
0.170025557
0.170026228
0.170026913
0.170027614
0.170028314
0.170029044
0.170029774
0.170030519
0.170031294
0.170032069
0.170032859
0.170033649
0.170034468
0.170035303
0.170036137
0.170037001
0.170037866
0.17003876
0.170039654
0.170040563
0.170041502
0.17004244
0.170043394
0.170044363
0.170045346
0.17004633
0.170047343
0.170048371
0.170049399
0.170050457
0.170051515
0.170052588
0.170053676
0.170054778
0.170055896
0.170057029
0.170058176
0.170059323
0.170060501
0.170061678
0.17006287
0.170064077
0.170065299
0.170066521
0.170067757
0.170069024
0.170070291
0.170071557
0.170072854
0.17007415
0.170075461
0.170076787
0.170078114
0.17007947
0.170080811
0.170082182
0.170083553
0.170084938
0.170086339
0.17008774
0.170089155
0.170090571
0.170092002
0.170093432
0.170094892
0.170096338
0.170097798
0.170099273
0.170100749
0.170102239
0.170103729
0.170105219
0.170106724
0.170108229
0.170109749
0.170111269
0.170112789
0.170114324
0.170115858
0.170117393
0.170118943
0.170120478
0.170122027
0.170123592
0.170125142
0.170126691
0.170128256
0.170129821
0.170131385
0.17013295
0.170134515
0.170136094
