0.912442684
0.911534369
0.910476267
0.909550488
0.908709109
0.907932222
0.907214403
0.906547129
0.905926228
0.905345142
0.904799759
0.904285789
0.90380013
0.903339922
0.902902544
0.902485907
0.902088225
0.901707768
0.901343107
0.90099287
0.900655925
0.900331259
0.900017858
0.899714053
0.899416566
0.899124265
0.89883697
0.898554385
0.89827621
0.898002148
0.8977319
0.897465348
0.897202134
0.896942198
0.896685302
0.896431386
0.896180213
0.895931661
0.895685732
0.895442188
0.895201027
0.894962072
0.894725263
0.894490361
0.894257188
0.894025683
0.89379549
0.893566549
0.893338621
0.893111527
0.892885089
0.892659128
0.892433643
0.892208517
0.891983747
0.891759276
0.891535163
0.891311347
0.89108783
0.890864551
0.890641391
0.890418231
0.890194893
0.889971137
0.889746606
0.889521003
0.889293969
0.889065206
0.888834298
0.888600945
0.88836503
0.888126314
0.887884676
0.887640119
0.8873927
0.887142479
0.886889577
0.886634171
0.886376321
0.886116207
0.885853946
0.885589659
0.885323346
0.885055125
0.884785056
0.88451308
0.884239256
0.883963585
0.883686006
0.88340652
0.883125246
0.882842124
0.882557213
0.882270396
0.881981671
0.881690741
0.881397545
0.881101727
0.880802929
0.880500853
0.8801952
0.879885733
0.879572392
0.879255056
0.878933728
0.878608286
0.878278613
0.877944648
0.877606094
0.877262473
0.876913428
0.876558483
0.876197159
0.875829041
0.87545377
0.875071168
0.874680936
0.874282956
0.87387687
0.873462141
0.873037755
0.872602403
0.872154355
0.871691823
0.871213198
0.870717466
0.87020421
0.869673729
0.869126081
0.86856091
0.867976725
0.867371857
0.866743565
0.866087973
0.865403295
0.864695907
0.863974154
0.863196552
0.862196088
0.85984844
0.855672956
0.849319875
0.839077055
0.824813187
0.822578549
0.817768931
0.808433592
0.790682852
0.758404434
0.679234862
0.434179306
0.1637014
0.155780599
0.155855119
0.155929431
0.156003535
0.15607743
0.156151131
0.156224608
0.156297892
0.156370953
0.156443819
0.156516477
0.156588927
0.156661168
0.1567332
0.156805024
0.156876639
0.156948045
0.157019228
0.157090217
0.157160997
0.157231569
0.157301933
0.157372087
0.157442033
0.157511771
0.1575813
0.15765062
0.157719731
0.157788649
0.157857344
0.157925844
0.157994136
0.15806222
0.158130109
0.158197775
0.158265233
0.158332497
0.158399537
0.158466369
0.158532992
0.158599406
0.158665612
0.158731595
0.158797383
0.158862948
0.158928305
0.158993453
0.159058392
0.159123123
0.159187645
0.159251958
0.159316063
0.159379944
0.159443632
0.159507111
0.159570381
0.159633428
0.159696281
0.159758911
0.159821346
0.159883559
0.159945562
0.160007373
0.160068959
0.160130337
0.160191506
0.160252467
0.160313204
0.160373747
0.160434082
0.160494193
0.160554111
0.160613805
0.16067329
0.160732582
0.16079165
0.16085051
0.160909161
0.160967603
0.161025837
0.161083862
0.161141664
0.161199272
0.161256671
0.161313862
0.161370829
0.161427602
0.161484167
0.161540523
0.161596656
0.161652595
0.161708325
0.161763847
0.161819145
0.16187425
0.161929145
0.161983848
0.162038326
0.162092611
0.162146688
0.162200555
0.162254214
0.16230768
0.162360922
0.16241397
0.162466824
0.162519455
0.162571892
0.162624121
0.162676141
0.162727952
0.162779555
0.162830964
0.162882164
0.162933156
0.162983939
0.163034528
0.163084909
0.163135082
0.16318506
0.163234845
0.163284406
0.163333789
0.163382947
0.163431928
0.163480684
0.163529262
0.163577616
0.163625792
0.163673744
0.163721517
0.163769066
0.163816437
0.163863599
0.163910553
0.163957328
0.164003894
0.164050266
0.164096445
0.16414243
0.164188221
0.164233804
0.164279208
0.164324403
0.164369419
0.164414242
0.164458856
0.164503276
0.164547518
0.164591551
0.164635405
0.164679065
0.164722532
0.164765805
0.164808884
0.164851785
0.164894491
0.164937019
0.164979354
0.165021494
0.165063456
0.165105239
0.165146813
0.165188223
0.16522944
0.165270463
0.165311292
0.165351942
0.165392414
0.165432692
0.165472791
0.165512696
0.165552422
0.16559197
0.165631324
0.165670499
0.165709481
0.165748283
0.165786892
0.165825337
0.165863588
0.165901661
0.165939555
0.165977269
0.16601482
0.166052178
0.166089371
0.166126385
0.166163236
0.166199908
0.166236401
0.166272715
0.16630888
0.166344851
0.166380659
0.166416287
0.166451752
0.166487038
0.16652216
0.166557103
0.166591868
0.166626483
0.166660905
0.166695178
0.166729271
0.166763186
0.166796952
0.16683054
0.166863963
0.166897222
0.166930318
0.166963249
0.166996032
0.167028651
0.16706109
0.167093381
0.167125508
0.167157471
0.167189255
0.167220891
0.167252377
0.167283684
0.167314857
0.167345867
0.167376712
0.167407408
0.167437956
0.167468324
0.167498544
0.1675286
0.167558506
0.167588264
0.167617857
0.167647302
0.167676598
0.167705759
0.167734757
0.167763591
0.16779229
0.167820826
0.167849198
0.167877436
0.167905524
0.167933479
0.167961285
0.167988956
0.168016478
0.168043867
0.168071106
0.168098196
0.168125138
0.16815193
0.168178558
0.168205053
0.168231398
0.168257594
0.168283656
0.168309584
0.168335378
0.168361038
0.168386564
0.168411955
0.168437213
0.168462321
0.168487281
0.168512121
0.168536797
0.168561339
0.168585747
0.168610021
0.168634176
0.168658212
0.168682113
0.16870591
0.168729573
0.168753102
0.168776512
0.168799773
0.168822899
0.168845892
0.168868735
0.168891445
0.16891402
0.168936461
0.168958783
0.168980986
0.169003069
0.169025034
0.169046894
0.16906862
0.169090226
0.169111714
0.169133082
0.169154346
0.169175476
0.169196486
0.169217348
0.169238091
0.169258714
0.169279203
0.169299573
0.169319838
0.16934
0.169360057
0.169379994
0.169399813
0.169419542
0.169439137
0.169458598
0.169477999
0.169497311
0.169516549
0.169536024
0.16955547
0.169574723
0.169593766
0.169612184
0.169629917
0.169646889
0.169663101
0.169678286
0.169692501
0.169705927
0.169718623
0.169730648
0.169742018
0.169752717
0.16976282
0.169772387
0.169781476
0.169790119
0.169798359
0.169806227
0.169813752
0.169820935
0.169827819
0.16983442
0.169840738
0.169846803
0.169852614
0.169858187
0.169863537
0.169868648
0.169873551
0.169878259
0.169882774
0.169887111
0.169891283
0.169895276
0.169899136
0.169902831
0.169906393
0.169909805
0.169913113
0.169916272
0.169919327
0.169922262
0.169925094
0.169927821
0.169930443
0.169932976
0.169935405
0.16993776
0.169940025
0.1699422
0.169944301
0.169946313
0.169948265
0.169950143
0.16995196
0.169953704
0.169955388
0.169957012
0.169958577
0.169960082
0.169961527
0.169962928
0.169964284
0.16996558
0.169966847
0.169968054
0.169969216
0.169970348
0.169971421
0.169972464
0.169973478
0.169974446
0.169975385
0.169976294
0.169977158
0.169978008
0.169978812
0.169979602
0.169980347
0.169981077
0.169981778
0.169982448
0.169983104
0.16998373
0.169984326
0.169984922
0.169985473
0.169986025
0.169986546
0.169987053
0.16998753
0.169988006
0.169988453
0.169988886
0.169989303
0.169989705
0.169990107
0.16999048
0.169990838
0.169991195
0.169991523
0.169991851
0.169992164
0.169992477
0.16999276
0.169993043
0.169993311
0.169993579
0.169993833
0.169994071
0.16999431
0.169994533
0.169994757
0.169994965
0.169995174
0.169995368
0.169995546
0.16999574
0.169995919
0.169996083
0.169996247
0.169996411
0.16999656
0.169996709
0.169996843
0.169996992
0.169997126
0.169997245
0.169997379
0.169997498
0.169997618
0.169997722
0.169997826
0.169997931
0.169998035
0.169998139
0.169998229
0.169998318
0.169998407
0.169998497
0.169998586
0.169998661
0.16999875
0.169998825
0.169998899
0.169998974
0.169999033
0.169999108
0.169999167
0.169999242
0.169999301
0.169999361
0.169999421
0.16999948
0.16999954
0.169999585
0.169999644
0.169999689
0.169999748
0.169999793
0.169999853
0.169999897
0.169999942
0.169999987
0.170000032
0.170000076
0.170000121
0.170000166
0.17000021
0.170000255
0.170000285
0.17000033
0.170000374
0.170000419
0.170000449
0.170000494
0.170000523
0.170000568
0.170000613
0.170000643
0.170000687
0.170000717
0.170000762
0.170000792
0.170000836
0.170000866
0.170000911
0.170000941
0.170000985
0.170001015
0.17000106
0.17000109
0.170001134
0.170001164
0.170001209
0.170001239
0.170001283
0.170001313
0.170001358
0.170001388
0.170001432
0.170001477
0.170001507
0.170001552
0.170001596
0.170001626
0.170001671
0.170001715
0.17000176
0.17000179
0.170001835
0.170001879
0.170001924
0.170001969
0.170002013
0.170002058
0.170002103
0.170002148
0.170002192
0.170002252
0.170002297
0.170002341
0.170002386
0.170002446
0.17000249
0.17000255
0.170002595
0.170002654
0.170002699
0.170002759
0.170002818
0.170002878
0.170002922
0.170002982
0.170003042
0.170003101
0.170003161
0.17000322
0.17000328
0.170003355
0.170003414
0.170003474
0.170003548
0.170003608
0.170003682
0.170003742
0.170003816
0.170003891
0.170003966
0.17000404
0.1700041
0.170004189
0.170004264
0.170004338
0.170004413
0.170004487
0.170004576
0.170004651
0.17000474
0.17000483
0.170004904
0.170004994
0.170005083
0.170005172
0.170005262
0.170005351
0.170005456
0.170005545
0.170005634
0.170005739
0.170005843
0.170005932
0.170006037
0.170006141
0.170006245
0.17000635
0.170006454
0.170006573
0.170006678
0.170006797
0.170006901
0.17000702
0.170007139
0.170007259
0.170007378
0.170007497
0.170007616
0.17000775
0.17000787
0.170008004
0.170008138
0.170008272
0.170008391
0.17000854
0.170008674
0.170008808
0.170008957
0.170009092
0.170009241
0.17000939
0.170009539
0.170009688
0.170009837
0.170009986
0.170010149
0.170010298
0.170010462
0.170010626
0.17001079
0.170010954
0.170011133
0.170011297
0.170011476
0.17001164
0.170011818
0.170011997
0.170012176
0.17001237
0.170012549
0.170012742
0.170012936
0.17001313
0.170013323
0.170013517
0.170013711
0.170013919
0.170014113
0.170014322
0.17001453
0.170014739
0.170014963
0.170015171
0.170015395
0.170015618
0.170015842
0.170016065
0.170016289
0.170016527
0.170016766
0.170016989
0.170017228
0.170017481
0.170017719
0.170017973
0.170018211
0.170018464
0.170018718
0.170018986
0.170019239
0.170019507
0.170019761
0.170020044
0.170020312
0.17002058
0.170020863
0.170021132
0.170021415
0.170021713
0.170021996
0.170022279
0.170022577
0.170022875
0.170023173
0.170023471
0.170023784
0.170024097
0.17002441
0.170024723
0.170025036
0.170025364
0.170025676
0.170026004
0.170026332
0.170026675
0.170027003
0.170027345
0.170027688
0.170028031
0.170028374
0.170028731
0.170029089
0.170029446
0.170029804
0.170030177
0.170030534
0.170030907
0.170031279
0.170031652
0.170032039
0.170032427
0.170032814
0.170033202
0.170033589
0.170033991
0.170034379
0.170034781
0.170035198
0.170035601
0.170036018
0.170036435
0.170036852
0.17003727
0.170037702
0.170038134
0.170038566
0.170038998
0.17003943
0.170039877
0.170040324
0.170040771
0.170041218
0.17004168
0.170042142
0.170042604
0.170043066
0.170043528
0.170044005
0.170044482
0.170044959
0.170045435
0.170045927
0.170046419
0.170046911
0.170047402
0.170047894
0.170048401
0.170048907
0.170049414
0.170049921
0.170050427
0.170050949
0.17005147
0.170051992
0.170052528
0.17005305
0.170053586
0.170054123
0.170054659
0.170055211
0.170055747
0.170056298
0.17005685
0.170057401
0.170057967
0.170058519
0.170059085
0.170059651
0.170060232
0.170060799
0.17006138
0.170061961
0.170062542
0.170063123
0.170063719
0.1700643
0.170064896
0.170065492
0.170066088
0.170066699
0.17006731
0.170067906
0.170068532
0.170069143
0.170069754
0.17007038
0.170071006
0.170071632
0.170072258
0.170072883
0.170073524
0.17007415
0.170074791
0.170075431
0.170076072
0.170076728
0.170077369
0.170078024
0.17007868
0.170079336
0.170080006
0.170080662
0.170081332
0.170081988
0.170082659
0.170083329
0.170084015
0.170084685
0.170085356
0.170086041
0.170086727
0.170087412
0.170088097
0.170088783
0.170089483
0.170090169
0.170090869
0.170091569
0.17009227
0.17009297
0.17009367
0.170094386
0.170095086
0.170095801
0.170096517
0.170097217
0.170097932
0.170098662
0.170099378
0.170100093
0.170100823
0.170101538
0.170102268
0.170102999
0.170103729
0.170104459
0.170105189
0.170105919
0.170106649
0.170107394
0.170108125
0.17010887
0.1701096
0.170110345
0.17011109
0.170111835
0.17011258
0.170113325
0.17011407
0.170114815
0.17011556
0.17011632
0.170117065
0.170117825
0.17011857
0.17011933
0.17012009
0.170120835
0.170121595
0.170122355
0.170123115
0.170123875
0.170124635
0.170125395
0.170126155
0.170126915
0.170127675
0.170128435
0.17012921
0.17012997
0.17013073
0.17013149
0.170132264
0.170133024
0.170133784
0.170134559
0.170135319
0.170136094
