0.905078411
0.90467912
0.903867781
0.903011143
0.902160883
0.901336789
0.900610209
0.899999976
0.899455071
0.898911774
0.898371935
0.897847354
0.897340655
0.896855474
0.896398187
0.895972788
0.89557761
0.895206392
0.894851804
0.8945086
0.894173205
0.893843472
0.893517613
0.893194377
0.89287281
0.892551303
0.892228365
0.891903877
0.891578734
0.891253233
0.8909266
0.890596688
0.890260756
0.889916539
0.889560938
0.889188468
0.88879019
0.888395429
0.888089895
0.887858927
0.887682736
0.887543142
0.887423575
0.887312472
0.887204111
0.887095332
0.886979997
0.886849403
0.88669306
0.886501551
0.886268258
0.8859905
0.885669649
0.8853122
0.884928882
0.884530842
0.884126365
0.883719981
0.883313417
0.882906079
0.882493734
0.882068336
0.881662548
0.881307304
0.88098383
0.880680859
0.880396485
0.880124807
0.879859865
0.879598141
0.879333377
0.879055262
0.878750205
0.878400564
0.877978265
0.8774333
0.876824498
0.876447976
0.876194119
0.875988901
0.875804007
0.875629544
0.87545979
0.875280917
0.875052989
0.874684095
0.874041736
0.873636007
0.873546839
0.873542011
0.873541892
0.873506248
0.873346031
0.87287724
0.871814907
0.870932341
0.87054038
0.870269239
0.870009363
0.869611621
0.868539572
0.866763592
0.866420925
0.866535008
0.866706371
0.866707981
0.86596328
0.863793075
0.86181885
0.861452341
0.861648858
0.861576021
0.853691757
0.85284555
0.854334295
0.845190406
0.836495578
0.831349254
0.825841606
0.82317543
0.817547858
0.804672599
0.775934279
0.697294652
0.532732308
0.300000012
0.300000012
0.300000012
0.300000012
0.300000012
0.300000012
0.300000012
0.300000012
0.300000012
0.300000012
0.300000012
0.300000012
0.300000012
0.300000012
0.300000012
0.300000012
0.300000012
0.300000012
0.300000012
0.300000012
0.300000012
0.300000012
0.300000012
0.300000012
0.300000012
0.300000012
0.300000012
0.300000012
0.300000012
0.300000012
0.300000012
0.300000012
0.300000012
0.300000012
0.300000012
0.300000012
0.300000012
0.300000012
0.300000012
0.300000012
0.300000012
0.300000012
0.300000012
0.300000012
0.300000012
0.300000012
0.300000012
0.300000012
0.300000012
0.300000012
0.300000012
0.300000012
0.300000012
0.300000012
0.300000012
0.300000012
0.300000012
0.300000012
0.300000012
0.300000012
0.300000012
0.300000012
0.300000012
0.300000012
0.300000012
0.300000012
0.300000012
0.300000012
0.300000012
0.300000012
0.300000012
0.300000012
0.300000012
0.300000012
0.300000012
0.300000012
0.300000012
0.300000012
0.300000012
0.300000012
0.300000012
0.300000012
0.300000012
0.300000012
0.300000012
0.300000012
0.300000012
0.300000012
0.300000012
0.300000012
0.300000012
0.300000012
0.300000012
0.300000012
0.300000012
0.300000012
0.300000012
0.300000012
0.300000012
0.300000012
0.300000012
0.300000012
0.300000012
0.300000012
0.300000012
0.300000012
0.300000012
0.300000012
0.300000012
0.300000012
0.300000012
0.300000012
0.300000012
0.300000012
0.300000012
0.300000012
0.300000012
0.300000012
0.300000012
0.300000012
0.300000012
0.300000012
0.300000012
0.300000012
0.300000012
0.300000012
0.300000012
0.300000012
0.300000012
0.300000012
0.300000012
0.300000012
0.300000012
0.300000012
0.300000012
0.300000012
0.300000012
0.300000012
0.300000012
0.300000012
0.300000012
0.300000012
0.300000012
0.300000012
0.300000012
0.300000012
0.300000012
0.300000012
0.300000012
0.300000012
0.300000012
0.300000012
0.300000012
0.300000012
0.300000012
0.300000012
0.300000012
0.300000012
0.300000012
0.300000012
0.300000012
0.300000012
0.300000012
0.300000012
0.300000012
0.300000012
0.300000012
0.300000012
0.300000012
0.300000012
0.300000012
0.300000012
0.300000012
0.300000012
0.300000012
0.300000012
0.300000012
0.300000012
0.300000012
0.300000012
0.300000012
0.300000012
0.300000012
0.300000012
0.300000012
0.300000012
0.300000012
0.300000012
0.300000012
0.300000012
0.300000012
0.300000012
0.300000012
0.300000012
0.300000012
0.300000012
0.300000012
0.300000012
0.300000012
0.300000012
0.300000012
0.300000012
0.300000012
0.300000012
0.300000012
0.300000012
0.300000012
0.300000012
0.300000012
0.300000012
0.300000012
0.300000012
0.300000012
0.300000012
0.300000012
0.300000012
0.300000012
0.300000012
0.300000012
0.300000012
0.300000012
0.300000012
0.300000012
0.300000012
0.300000012
0.300000012
0.300000012
0.300000012
0.300000012
0.300000012
0.300000012
0.300000012
0.300000012
0.300000012
0.300000012
0.300000012
0.300000012
0.300000012
0.300000012
0.300000012
0.300000012
0.300000012
0.300000012
0.300000012
0.300000012
0.300000012
0.300000012
0.300000012
0.300000012
0.300000012
0.300000012
0.300000012
0.300000012
0.300000012
0.300000012
0.300000012
0.300000012
0.300000012
0.300000012
0.300000012
0.300000012
0.300000012
0.300000012
0.300000012
0.300000012
0.300000012
0.300000012
0.300000012
0.300000012
0.300000012
0.300000012
0.300000012
0.300000012
0.300000012
0.300000012
0.300000012
0.300000012
0.300000012
0.300000012
0.300000012
0.300000012
0.300000012
0.300000012
0.300000012
0.300000012
0.300000012
0.300000012
0.300000012
0.300000012
0.300000012
0.300000012
0.300000012
0.300000012
0.300000012
0.300000012
0.300000012
0.300000012
0.300000012
0.300000012
0.300000012
0.300000012
0.300000012
0.300000012
0.300000012
0.300000012
0.300000012
0.300000012
0.300000012
0.300000012
0.300000012
0.300000012
0.300000012
0.300000012
0.300000012
0.300000012
0.300000012
0.300000012
0.300000012
0.300000012
0.300000012
0.300000012
0.300000012
0.300000012
0.300000012
0.300000012
0.300000012
0.300000012
0.300000012
0.300000012
0.300000012
0.300000012
0.300000012
0.300000012
0.300000012
0.300000012
0.300000012
0.300000012
0.300000012
0.300000012
0.300000012
0.300000012
0.300000012
0.300000012
0.300000012
0.300000012
0.300000012
0.300000012
0.300000012
0.300000012
0.300000012
0.300000012
0.300000012
0.300000012
0.300000012
0.300000012
0.300000012
0.300000012
0.300000012
0.300000012
0.300000012
0.300000012
0.300000012
0.300000012
0.300000012
0.300000012
0.300000012
0.300000012
0.300000012
0.300000012
0.300000012
0.300000012
0.300000012
0.300000012
0.300000012
0.300000012
0.300000012
0.300000012
0.300000012
0.300000012
0.300000012
0.300000012
0.300000012
0.300000012
0.300000012
0.300000012
0.300000012
0.300000012
0.300000012
0.300000012
0.300000012
0.300000012
0.300000012
0.300000012
0.300000012
0.300000012
0.300000012
0.300000012
0.300000012
0.300000012
0.300000012
0.300000012
0.300000012
0.300000012
0.300000012
0.300000012
0.300000012
0.300000012
0.300000012
0.300000012
0.300000012
0.300000012
0.300000012
0.300000012
0.300000012
0.300000012
0.300000012
0.300000012
0.300000012
0.300000012
0.300000012
0.300000012
0.300000012
0.300000012
0.300000012
0.300000012
0.300000012
0.300000012
0.300000012
0.300000012
0.300000012
0.300000012
0.300000012
0.300000012
0.300000012
0.300000012
0.300000012
0.300000012
0.300000012
0.300000012
0.300000012
0.300000012
0.300000012
0.300000012
0.300000012
0.300000012
0.300000012
0.300000012
0.300000012
0.300000012
0.300000012
0.300000012
0.300000012
0.300000012
0.300000012
0.300000012
0.300000012
0.300000012
0.300000012
0.300000012
0.300000012
0.300000012
0.300000012
0.300000012
0.300000012
0.300000012
0.300000012
0.300000012
0.300000012
0.300000012
0.300000012
0.300000012
0.300000012
0.300000012
0.300000012
0.300000012
0.300000012
0.300000012
0.300000012
0.300000012
0.300000012
0.300000012
0.300000012
0.300000012
0.300000012
0.300000012
0.300000012
0.300000012
0.300000012
0.300000012
0.300000012
0.300000012
0.300000012
0.300000012
0.300000012
0.300000012
0.300000012
0.300000012
0.300000012
0.300000012
0.300000012
0.300000012
0.300000012
0.300000012
0.300000012
0.300000012
0.300000012
0.300000012
0.300000012
0.300000012
0.300000012
0.300000012
0.300000012
0.300000012
0.300000012
0.300000012
0.300000012
0.300000012
0.300000012
0.300000012
0.300000012
0.300000012
0.300000012
0.300000012
0.300000012
0.300000012
0.300000012
0.300000012
0.300000012
0.300000012
0.300000012
0.300000012
0.300000012
0.300000012
0.300000012
0.300000012
0.300000012
0.300000012
0.300000012
0.300000012
0.300000012
0.300000012
0.300000012
0.300000012
0.300000012
0.300000012
0.300000012
0.300000012
0.300000012
0.300000012
0.300000012
0.300000012
0.300000012
0.300000012
0.300000012
0.300000012
0.300000012
0.300000012
0.300000012
0.300000012
0.300000012
0.300000012
0.300000012
0.300000012
0.300000012
0.300000012
0.300000012
0.300000012
0.300000012
0.300000012
0.300000012
0.300000012
0.300000012
0.300000012
0.300000012
0.300000012
0.300000012
0.300000012
0.300000012
0.300000012
0.300000012
0.300000012
0.300000012
0.300000012
0.300000012
0.300000012
0.300000012
0.300000012
0.300000012
0.300000012
0.300000012
0.300000012
0.300000012
0.300000012
0.300000012
0.300000012
0.300000012
0.300000012
0.300000012
0.300000012
0.300000012
0.300000012
0.300000012
0.300000012
0.300000012
0.300000012
0.300000012
0.300000012
0.300000012
0.300000012
0.300000012
0.300000012
0.300000012
0.300000012
0.300000012
0.300000012
0.300000012
0.300000012
0.300000012
0.300000012
0.300000012
0.300000012
0.300000012
0.300000012
0.300000012
0.300000012
0.300000012
0.300000012
0.300000012
0.300000012
0.300000012
0.300000012
0.300000012
0.300000012
0.300000012
0.300000012
0.300000012
0.300000012
0.300000012
0.300000012
0.300000012
0.300000012
0.300000012
0.300000012
0.300000012
0.300000012
0.300000012
0.300000012
0.300000012
0.300000012
0.300000012
0.300000012
0.300000012
0.300000012
0.300000012
0.300000012
0.300000012
0.300000012
0.300000012
0.300000012
0.300000012
0.300000012
0.300000012
0.300000012
0.300000012
0.300000012
0.300000012
0.300000012
0.300000012
0.300000012
0.300000012
0.300000012
0.300000012
0.300000012
0.300000012
0.300000012
0.300000012
0.300000012
0.300000012
0.300000012
0.300000012
0.300000012
0.300000012
0.300000012
0.300000012
0.300000012
0.300000012
0.300000012
0.300000012
0.300000012
0.300000012
0.300000012
0.300000012
0.300000012
0.300000012
0.300000012
0.300000012
0.300000012
0.300000012
0.300000012
0.300000012
0.300000012
0.300000012
0.300000012
0.300000012
0.300000012
0.300000012
0.300000012
0.300000012
0.300000012
0.300000012
0.300000012
0.300000012
0.300000012
0.300000012
0.300000012
0.300000012
0.300000012
0.300000012
0.300000012
0.300000012
0.300000012
0.300000012
0.300000012
0.300000012
0.300000012
0.300000012
0.300000012
0.300000012
0.300000012
0.300000012
0.300000012
0.300000012
0.300000012
0.300000012
0.300000012
0.300000012
0.300000012
0.300000012
0.300000012
0.300000012
0.300000012
0.300000012
0.300000012
0.300000012
0.300000012
0.300000012
0.300000012
0.300000012
0.300000012
0.300000012
0.300000012
0.300000012
0.300000012
0.300000012
0.300000012
0.300000012
0.300000012
0.300000012
0.300000012
0.300000012
0.300000012
0.300000012
0.300000012
0.300000012
0.300000012
0.300000012
0.300000012
0.300000012
0.300000012
0.300000012
0.300000012
0.300000012
0.300000012
0.300000012
0.300000012
0.300000012
0.300000012
0.300000012
0.300000012
0.300000012
0.300000012
0.300000012
0.300000012
0.300000012
0.300000012
0.300000012
0.300000012
0.300000012
0.300000012
0.300000012
0.300000012
0.300000012
0.300000012
0.300000012
0.300000012
0.300000012
0.300000012
0.300000012
0.300000012
0.300000012
0.300000012
0.300000012
0.300000012
0.300000012
0.300000012
0.300000012
0.300000012
0.300000012
0.300000012
0.300000012
0.300000012
0.300000012
0.300000012
0.300000012
0.300000012
0.300000012
0.300000012
0.300000012
0.300000012
0.300000012
0.300000012
0.300000012
0.300000012
0.300000012
0.300000012
0.300000012
0.300000012
0.300000012
0.300000012
0.300000012
0.300000012
0.300000012
0.300000012
0.300000012
0.300000012
0.300000012
0.300000012
0.300000012
0.300000012
0.300000012
0.300000012
0.300000012
0.300000012
0.300000012
0.300000012
0.300000012
0.300000012
0.300000012
0.300000012
0.300000012
0.300000012
0.300000012
0.300000012
0.300000012
0.300000012
0.300000012
0.300000012
0.300000012
0.300000012
0.300000012
0.300000012
0.300000012
0.300000012
0.300000012
0.300000012
0.300000012
0.300000012
0.300000012
0.300000012
0.300000012
0.300000012
0.300000012
0.300000012
0.300000012
0.300000012
0.300000012
0.300000012
0.300000012
0.300000012
0.300000012
0.300000012
0.300000012
0.300000012
0.300000012
0.300000012
0.300000012
0.300000012
0.300000012
0.300000012
0.300000012
0.300000012
0.300000012
0.300000012
0.300000012
0.300000012
0.300000012
0.300000012
0.300000012
0.300000012
