0
2.667175293
5.334411621
8.001586914
10.66876221
13.3359375
16.00311279
18.67034912
21.33752441
24.00469971
26.671875
29.33905029
32.00628662
34.67346191
37.34063721
40.0078125
42.67498779
45.34222412
48.00939941
50.67657471
53.34375
56.01092529
58.67816162
61.34533691
64.01251221
66.6796875
69.34686279
72.01409912
74.68127441
77.34844971
80.015625
82.68280029
85.35003662
88.01721191
90.68438721
93.3515625
96.01873779
98.68597412
101.3531494
104.0203247
106.6875
109.3546753
112.0219116
114.6890869
117.3562622
120.0234375
122.6906128
125.3578491
128.0250244
130.6921997
133.359375
136.0265503
138.6937256
141.3609009
144.0281372
146.6953125
149.3624878
152.0296631
154.6968384
157.3640747
160.03125
162.6984253
165.3656006
168.0327759
170.7000122
173.3671875
176.0343628
178.7015381
181.3687134
184.0359497
186.703125
189.3703003
192.0374756
194.7046509
197.3718872
200.0390625
202.7062378
205.3734131
208.0405884
210.7078247
213.375
216.0421753
218.7093506
221.3765259
224.0437622
226.7109375
229.3781128
232.0452881
234.7124634
237.3796997
240.046875
242.7140503
245.3812256
248.0484009
250.7156372
253.3828125
256.0499878
258.7171631
261.3843384
264.0515137
266.718689
269.3859253
272.0531006
274.7202759
277.3874512
280.0546265
282.7218628
285.3890381
288.0562134
290.7233887
293.390564
296.0578003
298.7249756
301.3921509
304.0593262
306.7265015
309.3937378
312.0609131
314.7280884
317.3952637
320.062439
322.7296753
325.3968506
328.0640259
330.7312012
333.3983765
336.0656128
338.7327881
341.3999634
344.0671692
346.7343445
349.4015198
352.0686951
354.7358704
357.4030762
360.070282
362.7374573
365.4046326
368.0718079
370.7390137
373.4062195
376.0733948
378.7405701
381.4077454
384.0749512
386.742157
389.4093323
392.0765076
394.7436829
397.4108887
400.0780945
402.7452698
405.4124451
408.0796204
410.7468262
413.414032
416.0812073
418.7483826
421.4155579
424.0827332
426.749939
429.4171448
432.0843201
434.7514954
437.4186707
440.0858765
442.7530823
445.4202576
448.0874329
450.7546082
453.421814
456.0890198
458.7561951
461.4233704
464.0905457
466.7577515
469.4249573
472.0921326
474.7593079
477.4264832
480.093689
482.7608948
485.4280701
488.0952454
490.7624207
493.429596
496.0968018
498.7640076
501.4311829
504.0983582
506.7655335
509.4327393
512.0999756
514.7670898
517.4343262
520.1014404
522.7686768
525.4359131
528.1030273
530.7702637
533.4373779
536.1046143
538.7718506
541.4389648
544.1062012
546.7733154
549.4405518
552.1077271
554.7749023
557.4421387
560.1092529
562.7764893
565.4436646
568.1108398
570.7780762
573.4451904
576.1124268
578.7796021
581.4467773
584.1140137
586.7811279
589.4483643
592.1155396
594.7827148
597.4499512
600.1170654
602.7843018
605.4514771
608.1186523
610.7858887
613.4530029
616.1202393
618.7873535
621.4545898
624.1218262
626.7889404
629.4561768
632.123291
634.7905273
637.4577637
640.1248779
642.7921143
645.4592285
648.1264648
650.7937012
653.4608154
656.1280518
658.795166
661.4624023
664.1296387
666.7967529
669.4639893
672.1311035
674.7983398
677.4655762
680.1326904
682.7998657
685.4671021
688.1342773
690.8014526
693.4686279
696.1358643
698.8029785
701.4701538
704.1373901
706.8045654
709.4718018
712.138916
714.8060913
717.4733276
720.1405029
722.8077393
725.4748535
728.1420898
730.8092651
733.4765015
736.1436768
738.810791
741.4780273
744.1452026
746.812439
749.4796143
752.1467285
754.8139648
757.4810791
760.1483154
762.8155518
765.482666
768.1499023
770.8170166
773.4842529
776.1514893
778.8186646
781.4858398
784.1529541
786.8201904
789.4874268
792.1546021
794.8217773
797.4888916
800.1561279
802.8233032
805.4904785
808.1577148
810.8248901
813.4920654
816.1592407
818.826416
821.4936523
824.1608276
826.8280029
829.4951782
832.1623535
834.8295288
837.4967041
840.1639404
842.8311157
845.498291
848.1654663
850.8326416
853.4998779
856.1670532
858.8342285
861.5014038
864.1685791
866.8358154
869.5029907
872.170166
874.8373413
877.5045166
880.1717529
882.8389282
885.5061035
888.1732788
890.8404541
893.5076294
896.1748657
898.842041
901.5092163
904.1763916
906.8436279
909.5108032
912.1779785
914.8451538
917.5123291
920.1795654
922.8467407
925.513916
928.1810913
930.8482666
933.5155029
936.1826782
938.8498535
941.5170288
944.1842041
946.8514404
949.5186157
952.185791
954.8529663
957.5201416
960.1873779
962.8544922
965.5217285
968.1889038
970.8560791
973.5233154
976.1904297
978.857666
981.5248413
984.1920166
986.8591919
989.5264282
992.1936035
994.8607788
997.5279541
1000.195129
1002.862366
1005.529541
1008.196716
1010.863892
1013.531067
1016.198303
1018.865479
1021.532654
1024.199829
1026.867065
1029.53418
1032.201416
1034.86853
1037.535767
1040.203003
1042.870117
1045.537354
1048.204468
1050.871704
1053.53894
1056.206055
1058.873291
1061.540405
1064.207642
1066.874756
1069.541992
1072.209229
1074.876343
1077.543579
1080.210693
1082.87793
1085.545166
1088.21228
1090.879517
1093.546631
1096.213867
1098.881104
1101.548218
1104.215454
1106.882568
1109.549805
1112.217041
1114.884155
1117.551392
1120.218506
1122.885742
1125.552979
1128.220093
1130.887329
1133.554443
1136.22168
1138.888916
1141.55603
1144.223267
1146.890381
1149.557617
1152.224854
1154.891968
1157.559204
1160.226318
1162.893555
1165.560791
1168.227905
1170.895142
1173.562256
1176.229492
1178.896729
1181.563843
1184.231079
1186.898193
1189.56543
1192.232666
1194.89978
1197.567017
1200.234131
1202.901367
1205.568604
1208.235718
1210.902954
1213.570068
1216.237305
1218.904541
1221.571655
1224.238892
1226.906006
1229.573242
1232.240479
1234.907593
1237.574829
1240.241943
1242.90918
1245.576294
1248.24353
1250.910767
1253.577881
1256.245117
1258.912231
1261.579468
1264.246704
1266.913818
1269.581055
1272.248169
1274.915405
1277.582642
1280.249756
1282.916992
1285.584106
1288.251343
1290.918579
1293.585693
1296.25293
1298.920044
1301.58728
1304.254517
1306.921631
1309.588867
1312.255981
1314.923218
1317.590454
1320.257568
1322.924805
1325.591919
1328.259155
1330.926392
1333.593506
1336.260742
1338.927856
1341.595093
1344.262329
1346.929443
1349.59668
1352.263794
1354.93103
1357.598267
1360.265381
1362.932617
1365.599731
1368.266968
1370.934082
1373.601318
1376.268555
1378.935669
1381.602905
1384.27002
1386.937256
1389.604492
1392.271606
1394.938843
1397.605957
1400.273193
1402.94043
1405.607544
1408.27478
1410.941895
1413.609131
1416.276367
1418.943481
1421.610718
1424.277832
1426.945068
1429.612305
1432.279419
1434.946655
1437.61377
1440.281006
1442.948242
1445.615356
1448.282593
1450.949707
1453.616943
1456.28418
1458.951294
1461.61853
1464.285645
1466.952881
1469.620117
1472.287231
1474.954468
1477.621582
1480.288818
1482.956055
1485.623169
1488.290405
1490.95752
1493.624756
1496.291992
1498.959106
1501.626343
1504.293457
1506.960693
1509.627808
1512.295044
1514.96228
1517.629395
1520.296631
1522.963745
1525.630981
1528.298218
1530.965332
1533.632568
1536.299683
1538.966919
1541.634155
1544.30127
1546.968506
1549.63562
1552.302856
1554.970093
1557.637207
1560.304443
1562.971558
1565.638794
1568.30603
1570.973145
1573.640381
1576.307495
1578.974731
1581.641968
1584.309082
1586.976318
1589.643433
1592.310669
1594.977905
1597.64502
1600.312256
1602.97937
1605.646606
1608.313843
1610.980957
1613.648193
1616.315308
1618.982544
1621.649658
1624.316895
1626.984131
1629.651245
1632.318481
1634.985596
1637.652832
1640.320068
1642.987183
1645.654419
1648.321533
1650.98877
1653.656006
1656.32312
1658.990356
1661.657471
1664.324707
1666.991943
1669.659058
1672.326294
1674.993408
1677.660645
1680.327881
1682.994995
1685.662231
1688.329346
1690.996582
1693.663818
1696.330933
1698.998169
1701.665283
1704.33252
1706.999756
1709.66687
1712.334106
1715.001221
1717.668457
1720.335693
1723.002808
1725.670044
1728.337158
1731.004395
1733.671631
1736.338745
1739.005981
1741.673096
1744.340332
1747.007568
1749.674683
1752.341919
1755.009033
1757.67627
1760.343506
1763.01062
1765.677856
1768.344971
1771.012207
1773.679443
1776.346558
1779.013794
1781.680908
1784.348145
1787.015381
1789.682495
1792.349731
1795.016846
1797.684082
1800.351318
1803.018433
1805.685669
1808.352783
1811.02002
1813.687134
1816.35437
1819.021606
1821.688721
1824.355957
1827.023071
1829.690308
1832.357544
1835.024658
1837.691895
1840.359009
1843.026245
1845.693359
1848.360596
1851.027832
1853.694946
1856.362183
1859.029297
1861.696533
1864.36377
1867.030884
1869.69812
1872.365234
1875.032471
1877.699707
1880.366821
1883.034058
1885.701172
1888.368408
1891.035645
1893.702759
1896.369995
1899.037109
1901.704346
1904.371582
1907.038696
1909.705933
1912.373047
1915.040283
1917.70752
1920.374634
1923.04187
1925.708984
1928.376221
1931.043457
1933.710571
1936.377808
1939.044922
1941.712158
1944.379395
1947.046509
1949.713745
1952.380859
1955.048096
1957.715332
1960.382446
1963.049683
1965.716797
1968.384033
1971.05127
1973.718384
1976.38562
1979.052734
1981.719971
1984.387207
1987.054321
1989.721558
1992.388672
1995.055908
1997.723145
2000.390259
2003.057495
2005.724609
2008.391846
2011.059082
2013.726196
2016.393433
2019.060547
2021.727783
2024.39502
2027.062134
2029.72937
2032.396484
2035.063721
2037.730957
2040.398071
2043.065308
2045.732422
2048.399658
2051.066895
2053.733887
2056.401123
2059.068359
2061.735596
2064.402832
2067.069824
2069.737061
2072.404297
2075.071533
2077.73877
2080.405762
2083.072998
2085.740234
2088.407471
2091.074707
2093.741699
2096.408936
2099.076172
2101.743408
2104.410645
2107.077637
2109.744873
2112.412109
2115.079346
2117.746582
2120.413574
2123.080811
2125.748047
2128.415283
2131.08252
2133.749512
2136.416748
2139.083984
2141.751221
2144.418457
2147.085449
2149.752686
2152.419922
2155.087158
2157.754395
2160.421387
2163.088623
2165.755859
2168.423096
2171.090332
2173.757324
2176.424561
2179.091797
2181.759033
2184.42627
2187.093262
2189.760498
2192.427734
2195.094971
2197.762207
2200.429199
2203.096436
2205.763672
2208.430908
2211.098145
2213.765137
2216.432373
2219.099609
2221.766846
2224.434082
2227.101074
2229.768311
2232.435547
2235.102783
2237.77002
2240.437012
2243.104248
2245.771484
2248.438721
2251.105957
2253.772949
2256.440186
2259.107422
2261.774658
2264.441895
2267.108887
2269.776123
2272.443359
2275.110596
2277.777832
2280.444824
2283.112061
2285.779297
2288.446533
2291.11377
2293.780762
2296.447998
2299.115234
2301.782471
2304.449707
2307.116699
2309.783936
2312.451172
2315.118408
2317.785645
2320.452637
2323.119873
2325.787109
2328.454346
2331.121582
2333.788574
2336.455811
2339.123047
2341.790283
2344.45752
2347.124512
2349.791748
2352.458984
2355.126221
2357.793457
2360.460449
2363.127686
2365.794922
2368.462158
2371.129395
2373.796387
2376.463623
2379.130859
2381.798096
2384.465088
2387.132324
2389.799561
2392.466797
2395.134033
2397.80127
2400.468262
2403.135498
2405.802734
2408.469971
2411.137207
2413.804199
2416.471436
2419.138672
2421.805908
2424.473145
2427.140137
2429.807373
2432.474609
2435.141846
2437.809082
2440.476074
2443.143311
2445.810547
2448.477783
2451.14502
2453.812012
2456.479248
2459.146484
2461.813721
2464.480957
2467.147949
2469.815186
2472.482422
2475.149414
2477.81665
2480.483887
2483.151123
2485.818359
2488.485352
2491.152588
2493.819824
2496.487061
2499.154297
2501.821289
2504.488525
2507.155762
2509.822998
2512.490234
2515.157227
2517.824463
2520.491699
2523.158936
2525.826172
2528.493164
2531.1604
2533.827637
2536.494873
2539.162109
2541.829102
2544.496338
2547.163574
2549.830811
2552.498047
2555.165039
2557.832275
2560.499512
2563.166748
2565.833984
2568.500977
2571.168213
2573.835449
2576.502686
2579.169922
2581.836914
2584.50415
2587.171387
2589.838623
2592.505859
2595.172852
2597.840088
2600.507324
2603.174561
2605.841797
2608.508789
2611.176025
2613.843262
2616.510498
2619.177734
2621.844727
2624.511963
2627.179199
2629.846436
2632.513672
2635.180664
2637.8479
2640.515137
2643.182373
2645.849609
2648.516602
2651.183838
2653.851074
2656.518311
2659.185547
2661.852539
2664.519775
2667.187012
2669.854248
2672.521484
2675.188477
2677.855713
2680.522949
2683.190186
2685.857422
2688.524414
2691.19165
2693.858887
2696.526123
2699.193359
2701.860352
2704.527588
2707.194824
2709.862061
2712.529297
2715.196289
2717.863525
2720.530762
2723.197998
2725.865234
2728.532227
