0
0.020000458
0.040000916
0.060001373
0.079999924
0.099998474
0.119998932
0.13999939
0.159999847
0.180000305
0.200000763
0.220001221
0.239999771
0.259998322
0.279998779
0.299999237
0.319999695
0.340000153
0.36000061
0.380001068
0.399999619
0.419998169
0.439998627
0.459999084
0.479999542
0.5
0.520000458
0.540000916
0.560001373
0.579999924
0.599998474
0.619998932
0.63999939
0.659999847
0.680000305
0.700000763
0.720001221
0.739999771
0.759998322
0.779998779
0.799999237
0.819999695
0.840000153
0.86000061
0.880001068
0.899999619
0.919998169
0.939998627
0.959999084
0.979999542
1
1.020000458
1.040000916
1.060001373
1.079999924
1.099998474
1.119998932
1.13999939
1.159999847
1.180000305
1.200000763
1.220001221
1.239999771
1.259998322
1.279998779
1.299999237
1.319999695
1.340000153
1.36000061
1.380001068
1.399999619
1.419998169
1.439998627
1.459999085
1.479999542
1.5
1.520000458
1.540000916
1.560001373
1.579999924
1.599998474
1.619998932
1.63999939
1.659999847
1.680000305
1.700000763
1.720001221
1.739999771
1.759998322
1.779998779
1.799999237
1.819999695
1.840000153
1.86000061
1.880001068
1.899999619
1.919998169
1.939998627
1.959999085
1.979999542
2
2.020000458
2.040000916
2.060001373
2.079999924
2.099998474
2.119998932
2.13999939
2.159999847
2.180000305
2.200000763
2.220001221
2.239999771
2.259998322
2.279998779
2.299999237
2.319999695
2.340000153
2.36000061
2.380001068
2.399999619
2.419998169
2.439998627
2.459999085
2.479999542
2.5
2.520000458
2.540000916
2.560001373
2.579999924
2.599998474
2.619998932
2.63999939
2.659999847
2.680000305
2.700000763
2.720001221
2.739999771
2.759998322
2.779998779
2.799999237
2.819999695
2.840000153
2.86000061
2.880001068
2.899999619
2.919998169
2.939998627
2.959999085
2.979999542
3
3.020000458
3.040000916
3.060001373
3.079999924
3.099998474
3.119998932
3.13999939
3.159999847
3.180000305
3.200000763
3.220001221
3.239999771
3.259998322
3.279998779
3.299999237
3.319999695
3.340000153
3.36000061
3.380001068
3.399999619
3.419998169
3.439998627
3.459999085
3.479999542
3.5
3.520000458
3.540000916
3.560001373
3.579999924
3.599998474
3.619998932
3.63999939
3.659999847
3.680000305
3.700000763
3.720001221
3.739999771
3.759998322
3.779998779
3.799999237
3.819999695
3.840000153
3.86000061
3.880001068
3.899999619
3.919998169
3.939998627
3.959999085
3.979999542
4
4.020000458
4.040000916
4.060001373
4.079999924
4.099998474
4.119998932
4.13999939
4.159999847
4.180000305
4.200000763
4.220001221
4.239999771
4.259998322
4.279998779
4.299999237
4.319999695
4.340000153
4.36000061
4.380001068
4.399999619
4.419998169
4.439998627
4.459999085
4.479999542
4.5
4.520000458
4.540000916
4.560001373
4.579999924
4.599998474
4.619998932
4.63999939
4.659999847
4.680000305
4.700000763
4.720001221
4.739999771
4.759998322
4.779998779
4.799999237
4.819999695
4.840000153
4.86000061
4.880001068
4.899999619
4.919998169
4.939998627
4.959999085
4.979999542
5
5.020000458
5.040000916
5.060001373
5.079999924
5.099998474
5.119998932
5.13999939
5.159999847
5.180000305
5.200000763
5.220001221
5.239999771
5.259998322
5.279998779
5.299999237
5.319999695
5.340000153
5.36000061
5.380001068
5.399999619
5.419998169
5.439998627
5.459999085
5.479999542
5.5
5.520000458
5.540000916
5.560001373
5.579999924
5.599998474
5.619998932
5.63999939
5.659999847
5.680000305
5.700000763
5.720001221
5.739999771
5.759998322
5.779998779
5.799999237
5.819999695
5.840000153
5.86000061
5.880001068
5.899999619
5.919998169
5.939998627
5.959999085
5.979999542
6
6.020000458
6.040000916
6.060001373
6.079999924
6.099998474
6.119998932
6.13999939
6.159999847
6.180000305
6.200000763
6.220001221
6.239999771
6.259998322
6.279998779
6.299999237
6.319999695
6.340000153
6.36000061
6.380001068
6.399999619
6.419998169
6.439998627
6.459999085
6.479999542
6.5
6.520000458
6.540000916
6.560001373
6.579999924
6.599998474
6.619998932
6.63999939
6.659999847
6.680000305
6.700000763
6.720001221
6.739999771
6.759998322
6.779998779
6.799999237
6.819999695
6.840000153
6.86000061
6.880001068
6.899999619
6.919998169
6.939998627
6.959999085
6.979999542
7
7.020000458
7.040000916
7.060001373
7.079999924
7.099998474
7.119998932
7.13999939
7.159999847
7.180000305
7.200000763
7.220001221
7.239999771
7.259998322
7.279998779
7.299999237
7.319999695
7.340000153
7.36000061
7.380001068
7.399999619
7.419998169
7.439998627
7.459999085
7.479999542
7.5
7.520000458
7.540000916
7.560001373
7.579999924
7.599998474
7.619998932
7.63999939
7.659999847
7.680000305
7.700000763
7.720001221
7.739999771
7.759998322
7.779998779
7.799999237
7.819999695
7.840000153
7.86000061
7.880001068
7.899999619
7.919998169
7.939998627
7.959999085
7.979999542
8
8.020000458
8.040000916
8.060001373
8.079999924
8.099998474
8.119998932
8.13999939
8.159999847
8.180000305
8.200000763
8.220001221
8.239999771
8.259998322
8.279998779
8.299999237
8.319999695
8.340000153
8.36000061
8.380001068
8.399999619
8.419998169
8.439998627
8.459999085
8.479999542
8.5
8.520000458
8.540000916
8.560001373
8.579999924
8.599998474
8.619998932
8.63999939
8.659999847
8.680000305
8.700000763
8.720001221
8.739999771
8.759998322
8.779998779
8.799999237
8.819999695
8.840000153
8.86000061
8.880001068
8.899999619
8.919998169
8.939998627
8.959999085
8.979999542
9
9.020000458
9.040000916
9.060001373
9.079999924
9.099998474
9.119998932
9.13999939
9.159999847
9.180000305
9.200000763
9.220001221
9.239999771
9.259998322
9.279998779
9.299999237
9.319999695
9.340000153
9.36000061
9.380001068
9.399999619
9.419998169
9.439998627
9.459999085
9.479999542
9.5
9.520000458
9.540000916
9.560001373
9.579999924
9.599998474
9.619998932
9.63999939
9.659999847
9.680000305
9.700000763
9.720001221
9.739999771
9.759998322
9.779998779
9.799999237
9.819999695
9.840000153
9.86000061
9.880001068
9.899999619
9.919998169
9.939998627
9.959999085
9.979999542
10
10.02000046
10.04000092
10.06000137
10.07999992
10.09999847
10.11999893
10.13999939
10.15999985
10.18000031
10.20000076
10.22000122
10.23999977
10.25999832
10.27999878
10.29999924
10.3199997
10.34000015
10.36000061
10.38000107
10.39999962
10.41999817
10.43999863
10.45999908
10.47999954
10.5
10.52000046
10.54000092
10.56000137
10.57999992
10.59999847
10.61999893
10.63999939
10.65999985
10.68000031
10.70000076
10.72000122
10.73999977
10.75999832
10.77999878
10.79999924
10.8199997
10.84000015
10.86000061
10.88000107
10.89999962
10.91999817
10.93999863
10.95999908
10.97999954
11
11.02000046
11.04000092
11.06000137
11.07999992
11.09999847
11.11999893
11.13999939
11.15999985
11.18000031
11.20000076
11.22000122
11.23999977
11.25999832
11.27999878
11.29999924
11.3199997
11.34000015
11.36000061
11.38000107
11.39999962
11.41999817
11.43999863
11.45999908
11.47999954
11.5
11.52000046
11.54000092
11.56000137
11.57999992
11.59999847
11.61999893
11.63999939
11.65999985
11.68000031
11.70000076
11.72000122
11.73999977
11.75999832
11.77999878
11.79999924
11.8199997
11.84000015
11.86000061
11.88000107
11.89999962
11.91999817
11.93999863
11.95999908
11.97999954
12
12.02000046
12.04000092
12.06000137
12.07999992
12.09999847
12.11999893
12.13999939
12.15999985
12.18000031
12.20000076
12.22000122
12.23999977
12.25999832
12.27999878
12.29999924
12.3199997
12.34000015
12.36000061
12.38000107
12.39999962
12.41999817
12.43999863
12.45999908
12.47999954
12.5
12.52000046
12.54000092
12.56000137
12.57999992
12.59999847
12.61999893
12.63999939
12.65999985
12.68000031
12.70000076
12.72000122
12.73999977
12.75999832
12.77999878
12.79999924
12.8199997
12.84000015
12.86000061
12.88000107
12.89999962
12.91999817
12.93999863
12.95999908
12.97999954
13
13.02000046
13.04000092
13.06000137
13.07999992
13.09999847
13.11999893
13.13999939
13.15999985
13.18000031
13.20000076
13.22000122
13.23999977
13.25999832
13.27999878
13.29999924
13.3199997
13.34000015
13.36000061
13.38000107
13.39999962
13.41999817
13.43999863
13.45999908
13.47999954
13.5
13.52000046
13.54000092
13.56000137
13.57999992
13.59999847
13.61999893
13.63999939
13.65999985
13.68000031
13.70000076
13.72000122
13.73999977
13.75999832
13.77999878
13.79999924
13.8199997
13.84000015
13.86000061
13.88000107
13.89999962
13.91999817
13.93999863
13.95999908
13.97999954
14
14.02000046
14.04000092
14.06000137
14.07999992
14.09999847
14.11999893
14.13999939
14.15999985
14.18000031
14.20000076
14.22000122
14.23999977
14.25999832
14.27999878
14.29999924
14.3199997
14.34000015
14.36000061
14.38000107
14.39999962
14.41999817
14.43999863
14.45999908
14.47999954
14.5
14.52000046
14.54000092
14.56000137
14.57999992
14.59999847
14.61999893
14.63999939
14.65999985
14.68000031
14.70000076
14.72000122
14.73999977
14.75999832
14.77999878
14.79999924
14.8199997
14.84000015
14.86000061
14.88000107
14.89999962
14.91999817
14.93999863
14.95999908
14.97999954
15
15.02000046
15.04000092
15.06000137
15.07999992
15.09999847
15.11999893
15.13999939
15.15999985
15.18000031
15.20000076
15.22000122
15.23999977
15.25999832
15.27999878
15.29999924
15.3199997
15.34000015
15.36000061
15.38000107
15.39999962
15.41999817
15.43999863
15.45999908
15.47999954
15.5
15.52000046
15.54000092
15.56000137
15.57999992
15.59999847
15.61999893
15.63999939
15.65999985
15.68000031
15.70000076
15.72000122
15.73999977
15.75999832
15.77999878
15.79999924
15.8199997
15.84000015
15.86000061
15.88000107
15.89999962
15.91999817
15.93999863
15.95999908
15.97999954
16
16.02000046
16.04000092
16.06000137
16.07999992
16.09999847
16.11999893
16.13999939
16.15999985
16.18000031
16.20000076
16.22000122
16.23999977
16.25999832
16.27999878
16.29999924
16.3199997
16.34000015
16.36000061
16.38000107
16.39999962
16.41999817
16.43999863
16.45999908
16.47999954
16.5
16.52000046
16.54000092
16.56000137
16.57999992
16.59999847
16.61999893
16.63999939
16.65999985
16.68000031
16.70000076
16.72000122
16.73999977
16.75999832
16.77999878
16.79999924
16.8199997
16.84000015
16.86000061
16.88000107
16.89999962
16.91999817
16.93999863
16.95999908
16.97999954
17
17.02000046
17.04000092
17.06000137
17.07999992
17.09999847
17.11999893
17.13999939
17.15999985
17.18000031
17.20000076
17.22000122
17.23999977
17.25999832
17.27999878
17.29999924
17.3199997
17.34000015
17.36000061
17.38000107
17.39999962
17.41999817
17.43999863
17.45999908
17.47999954
17.5
17.52000046
17.54000092
17.56000137
17.57999992
17.59999847
17.61999893
17.63999939
17.65999985
17.68000031
17.70000076
17.72000122
17.73999977
17.75999832
17.77999878
17.79999924
17.8199997
17.84000015
17.86000061
17.88000107
17.89999962
17.91999817
17.93999863
17.95999908
17.97999954
18
18.02000046
18.04000092
18.05999947
18.07999992
18.10000038
18.11999893
18.13999939
18.15999985
18.18000031
18.20000076
18.21999931
18.23999977
18.26000023
18.27999878
18.29999924
18.3199997
18.34000015
18.36000061
18.37999916
18.39999962
18.42000008
18.43999863
18.45999908
18.47999954
18.5
18.52000046
18.54000092
18.55999947
18.57999992
18.60000038
18.61999893
18.63999939
18.65999985
18.68000031
18.70000076
18.71999931
18.73999977
18.76000023
18.77999878
18.79999924
18.8199997
18.84000015
18.86000061
18.87999916
18.89999962
18.92000008
18.93999863
18.95999908
18.97999954
19
19.02000046
19.04000092
19.05999947
19.07999992
19.10000038
19.11999893
19.13999939
19.15999985
19.18000031
19.20000076
19.21999931
19.23999977
19.26000023
19.27999878
19.29999924
19.3199997
19.34000015
19.36000061
19.37999916
19.39999962
19.42000008
19.43999863
19.45999908
19.47999954
19.5
19.52000046
19.54000092
19.55999947
19.57999992
19.60000038
19.61999893
19.63999939
19.65999985
19.68000031
19.70000076
19.71999931
19.73999977
19.76000023
19.77999878
19.79999924
19.8199997
19.84000015
19.86000061
19.87999916
19.89999962
19.92000008
19.93999863
19.95999908
19.97999954
20
20.02000046
20.04000092
20.05999947
20.07999992
20.10000038
20.11999893
20.13999939
20.15999985
20.18000031
20.20000076
20.21999931
20.23999977
20.26000023
20.27999878
20.29999924
20.3199997
20.34000015
20.36000061
20.37999916
20.39999962
20.42000008
20.43999863
20.45999908
20.47999954
20.5
20.52000046
20.54000092
20.55999947
20.57999992
20.60000038
20.61999893
20.63999939
20.65999985
20.68000031
20.70000076
20.71999931
20.73999977
20.76000023
20.77999878
20.79999924
20.8199997
20.84000015
20.86000061
20.87999916
20.89999962
20.92000008
20.93999863
20.95999908
20.97999954
21
21.02000046
21.04000092
21.05999947
21.07999992
21.10000038
21.11999893
21.13999939
21.15999985
21.18000031
21.20000076
21.21999931
21.23999977
21.26000023
21.27999878
21.29999924
21.3199997
21.34000015
21.36000061
21.37999916
21.39999962
21.42000008
21.43999863
21.45999908
21.47999954
21.5
21.52000046
21.54000092
21.55999947
21.57999992
21.60000038
21.61999893
21.63999939
21.65999985
21.68000031
21.70000076
21.71999931
21.73999977
21.76000023
21.77999878
21.79999924
21.8199997
21.84000015
21.86000061
21.87999916
21.89999962
21.92000008
21.93999863
21.95999908
21.97999954
22
22.02000046
22.04000092
22.05999947
22.07999992
22.10000038
22.11999893
22.13999939
22.15999985
22.18000031
22.20000076
22.21999931
22.23999977
22.26000023
22.27999878
22.29999924
22.3199997
22.34000015
22.36000061
22.37999916
22.39999962
22.42000008
22.43999863
22.45999908
22.47999954
22.5
22.52000046
22.54000092
22.55999947
22.57999992
22.60000038
22.61999893
22.63999939
22.65999985
22.68000031
22.70000076
22.71999931
22.73999977
22.76000023
22.77999878
22.79999924
22.8199997
22.84000015
22.86000061
22.87999916
22.89999962
22.92000008
22.93999863
22.95999908
22.97999954
23
23.02000046
23.04000092
23.05999947
23.07999992
23.10000038
23.11999893
23.13999939
23.15999985
23.18000031
23.20000076
23.21999931
23.23999977
23.26000023
23.27999878
23.29999924
23.3199997
23.34000015
23.36000061
23.37999916
23.39999962
23.42000008
23.43999863
23.45999908
23.47999954
23.5
23.52000046
23.54000092
23.55999947
23.57999992
23.60000038
23.61999893
23.63999939
23.65999985
23.68000031
23.70000076
23.71999931
23.73999977
23.76000023
23.77999878
23.79999924
23.8199997
23.84000015
23.86000061
23.87999916
23.89999962
23.92000008
23.93999863
23.95999908
23.97999954
24
24.02000046
24.04000092
24.05999947
24.07999992
24.10000038
24.11999893
24.13999939
24.15999985
24.18000031
24.20000076
24.21999931
24.23999977
24.26000023
24.27999878
24.29999924
24.3199997
24.34000015
24.36000061
24.37999916
24.39999962
24.42000008
24.43999863
24.45999908
24.47999954
24.5
24.52000046
24.54000092
24.55999947
24.57999992
24.60000038
24.61999893
24.63999939
24.65999985
24.68000031
24.70000076
24.71999931
24.73999977
24.76000023
24.77999878
24.79999924
24.8199997
24.84000015
24.86000061
24.87999916
24.89999962
24.92000008
24.93999863
24.95999908
24.97999954
25
25.02000046
25.04000092
25.05999947
25.07999992
25.10000038
25.11999893
25.13999939
25.15999985
25.18000031
25.20000076
25.21999931
25.23999977
25.26000023
25.27999878
25.29999924
25.3199997
25.34000015
25.36000061
25.37999916
25.39999962
25.42000008
25.43999863
25.45999908
25.47999954
25.5
25.52000046
25.54000092
25.55999947
25.57999992
25.60000038
25.61999893
25.63999939
25.65999985
25.68000031
25.70000076
25.71999931
25.73999977
25.76000023
25.77999878
25.79999924
25.8199997
25.84000015
25.86000061
25.87999916
25.89999962
25.92000008
25.93999863
25.95999908
25.97999954
26
26.02000046
26.04000092
26.05999947
26.07999992
26.10000038
26.11999893
26.13999939
26.15999985
26.18000031
26.20000076
26.21999931
26.23999977
26.26000023
26.27999878
26.29999924
26.3199997
26.34000015
26.36000061
26.37999916
26.39999962
26.42000008
26.43999863
26.45999908
26.47999954
26.5
26.52000046
26.54000092
26.55999947
26.57999992
26.60000038
26.61999893
26.63999939
26.65999985
26.68000031
26.70000076
26.71999931
26.73999977
26.76000023
26.77999878
26.79999924
26.8199997
26.84000015
26.86000061
26.87999916
26.89999962
26.92000008
26.93999863
26.95999908
26.97999954
27
27.02000046
27.04000092
27.05999947
27.07999992
27.10000038
27.11999893
27.13999939
27.15999985
27.18000031
27.20000076
27.21999931
27.23999977
27.26000023
27.27999878
27.29999924
27.3199997
27.34000015
27.36000061
27.37999916
27.39999962
27.42000008
27.43999863
27.45999908
27.47999954
27.5
27.52000046
27.54000092
27.55999947
27.57999992
27.60000038
27.61999893
27.63999939
27.65999985
27.68000031
27.70000076
27.71999931
27.73999977
27.76000023
27.77999878
27.79999924
27.8199997
27.84000015
27.86000061
27.87999916
27.89999962
27.92000008
27.93999863
27.95999908
27.97999954
28
28.02000046
28.04000092
28.05999947
28.07999992
28.10000038
28.11999893
28.13999939
28.15999985
28.18000031
28.20000076
28.21999931
28.23999977
28.26000023
28.27999878
28.29999924
28.3199997
28.34000015
28.36000061
28.37999916
28.39999962
28.42000008
28.43999863
28.45999908
28.47999954
28.5
28.52000046
28.54000092
28.55999947
28.57999992
28.60000038
28.61999893
28.63999939
28.65999985
28.68000031
28.70000076
28.71999931
28.73999977
28.76000023
28.77999878
28.79999924
28.8199997
28.84000015
28.86000061
28.87999916
28.89999962
28.92000008
28.93999863
28.95999908
28.97999954
29
29.02000046
29.04000092
29.05999947
29.07999992
29.10000038
29.11999893
29.13999939
29.15999985
29.18000031
29.20000076
29.21999931
29.23999977
29.26000023
29.27999878
29.29999924
29.3199997
29.34000015
29.36000061
29.37999916
29.39999962
29.42000008
29.43999863
29.45999908
29.47999954
29.5
29.52000046
29.54000092
29.55999947
29.57999992
29.60000038
29.61999893
29.63999939
29.65999985
29.68000031
29.70000076
29.71999931
29.73999977
29.76000023
29.77999878
29.79999924
29.8199997
29.84000015
29.86000061
29.87999916
29.89999962
29.92000008
29.93999863
29.95999908
29.97999954
30
30.02000046
30.04000092
30.05999947
30.07999992
30.10000038
30.11999893
30.13999939
30.15999985
30.18000031
30.20000076
30.21999931
30.23999977
30.26000023
30.27999878
30.29999924
30.3199997
30.34000015
30.36000061
30.37999916
30.39999962
30.42000008
30.43999863
30.45999908
30.47999954
30.5
30.52000046
30.54000092
30.55999947
30.57999992
30.60000038
30.61999893
30.63999939
30.65999985
30.68000031
30.70000076
30.71999931
30.73999977
30.76000023
30.77999878
30.79999924
30.8199997
30.84000015
30.86000061
30.87999916
30.89999962
30.92000008
30.93999863
30.95999908
30.97999954
31
31.02000046
31.04000092
31.05999947
31.07999992
31.10000038
31.11999893
31.13999939
31.15999985
31.18000031
31.20000076
31.21999931
31.23999977
31.26000023
31.27999878
31.29999924
31.3199997
31.34000015
31.36000061
31.37999916
31.39999962
31.42000008
31.43999863
31.45999908
31.47999954
31.5
31.52000046
31.54000092
31.55999947
31.57999992
31.60000038
31.61999893
31.63999939
31.65999985
31.68000031
31.70000076
31.71999931
31.73999977
31.76000023
31.77999878
31.79999924
31.8199997
31.84000015
31.86000061
31.87999916
31.89999962
31.92000008
31.93999863
31.95999908
31.97999954
32
32.02000046
32.04000092
32.05999756
32.08000183
32.09999847
32.11999893
32.13999939
32.15999985
32.18000031
32.20000076
32.22000122
32.23999786
32.26000214
32.27999878
32.29999924
32.3199997
32.34000015
32.36000061
32.37999725
32.40000153
32.41999817
32.43999863
32.45999908
32.47999954
32.5
32.52000046
32.54000092
32.55999756
32.58000183
32.59999847
32.61999893
32.63999939
32.65999985
32.68000031
32.70000076
32.72000122
32.73999786
32.76000214
32.77999878
32.79999924
32.8199997
32.84000015
32.86000061
32.87999725
32.90000153
32.91999817
32.93999863
32.95999908
32.97999954
33
33.02000046
33.04000092
33.05999756
33.08000183
33.09999847
33.11999893
33.13999939
33.15999985
33.18000031
33.20000076
33.22000122
33.23999786
33.26000214
33.27999878
33.29999924
33.3199997
33.34000015
33.36000061
33.37999725
33.40000153
33.41999817
33.43999863
33.45999908
33.47999954
33.5
33.52000046
33.54000092
33.55999756
33.58000183
33.59999847
33.61999893
33.63999939
33.65999985
33.68000031
33.70000076
33.72000122
33.73999786
33.76000214
33.77999878
33.79999924
33.8199997
33.84000015
33.86000061
33.87999725
33.90000153
33.91999817
33.93999863
33.95999908
33.97999954
34
34.02000046
34.04000092
34.06000137
34.08000183
34.09999847
34.11999893
34.13999939
34.15999985
34.18000031
34.20000076
34.22000122
34.23999786
34.25999832
34.27999878
34.29999924
34.3199997
34.34000015
34.36000061
34.38000107
34.40000153
34.41999817
34.43999863
34.45999908
34.47999954
34.5
34.52000046
34.54000092
34.56000137
34.58000183
34.59999847
34.61999893
34.63999939
34.65999985
34.68000031
34.70000076
34.72000122
34.73999786
34.75999832
34.77999878
34.79999924
34.8199997
34.84000015
34.86000061
34.88000107
34.90000153
34.91999817
34.93999863
34.95999908
34.97999954
35
35.02000046
35.04000092
35.06000137
35.08000183
35.09999847
35.11999893
35.13999939
35.15999985
35.18000031
35.20000076
35.22000122
35.23999786
35.25999832
35.27999878
35.29999924
35.3199997
35.34000015
35.36000061
35.38000107
35.40000153
35.41999817
35.43999863
35.45999908
35.47999954
35.5
35.52000046
35.54000092
35.56000137
35.58000183
35.59999847
35.61999893
35.63999939
35.65999985
35.68000031
35.70000076
35.72000122
35.73999786
35.75999832
35.77999878
35.79999924
35.8199997
35.84000015
35.86000061
35.88000107
35.90000153
35.91999817
35.93999863
35.95999908
35.97999954
36
36.02000046
36.04000092
36.06000137
36.08000183
36.09999847
36.11999893
36.13999939
36.15999985
36.18000031
36.20000076
36.22000122
36.23999786
36.25999832
36.27999878
36.29999924
36.3199997
36.34000015
36.36000061
36.38000107
36.40000153
36.41999817
36.43999863
36.45999908
36.47999954
36.5
36.52000046
36.54000092
36.56000137
36.58000183
36.59999847
36.61999893
36.63999939
36.65999985
36.68000031
36.70000076
36.72000122
36.73999786
36.75999832
36.77999878
36.79999924
36.8199997
36.84000015
36.86000061
36.88000107
36.90000153
36.91999817
36.93999863
36.95999908
36.97999954
37
37.02000046
37.04000092
37.06000137
37.08000183
37.09999847
37.11999893
37.13999939
37.15999985
37.18000031
37.20000076
37.22000122
37.23999786
37.25999832
37.27999878
37.29999924
37.3199997
37.34000015
37.36000061
37.38000107
37.40000153
37.41999817
37.43999863
37.45999908
37.47999954
37.5
37.52000046
37.54000092
37.56000137
37.58000183
37.59999847
37.61999893
37.63999939
37.65999985
37.68000031
37.70000076
37.72000122
37.73999786
37.75999832
37.77999878
37.79999924
37.8199997
37.84000015
37.86000061
37.88000107
37.90000153
37.91999817
37.93999863
37.95999908
37.97999954
38
38.02000046
38.04000092
38.06000137
38.08000183
38.09999847
38.11999893
38.13999939
38.15999985
38.18000031
38.20000076
38.22000122
38.23999786
38.25999832
38.27999878
38.29999924
38.3199997
38.34000015
38.36000061
38.38000107
38.40000153
38.41999817
38.43999863
38.45999908
38.47999954
38.5
38.52000046
38.54000092
38.56000137
38.58000183
38.59999847
38.61999893
38.63999939
38.65999985
38.68000031
38.70000076
38.72000122
38.73999786
38.75999832
38.77999878
38.79999924
38.8199997
38.84000015
38.86000061
38.88000107
38.90000153
38.91999817
38.93999863
38.95999908
38.97999954
39
39.02000046
39.04000092
39.06000137
39.08000183
39.09999847
39.11999893
39.13999939
39.15999985
39.18000031
39.20000076
39.22000122
39.23999786
39.25999832
39.27999878
39.29999924
39.3199997
39.34000015
39.36000061
39.38000107
39.40000153
39.41999817
39.43999863
39.45999908
39.47999954
39.5
39.52000046
39.54000092
39.56000137
39.58000183
39.59999847
39.61999893
39.63999939
39.65999985
39.68000031
39.70000076
39.72000122
39.73999786
39.75999832
39.77999878
39.79999924
39.8199997
39.84000015
39.86000061
39.88000107
39.90000153
39.91999817
39.93999863
39.95999908
39.97999954
40
40.02000046
40.04000092
40.06000137
40.08000183
40.09999847
40.11999893
40.13999939
40.15999985
40.18000031
40.20000076
40.22000122
40.23999786
40.25999832
40.27999878
40.29999924
40.3199997
40.34000015
40.36000061
40.38000107
40.40000153
40.41999817
40.43999863
40.45999908
40.47999954
40.5
40.52000046
40.54000092
40.56000137
40.58000183
40.59999847
40.61999893
40.63999939
40.65999985
40.68000031
40.70000076
40.72000122
40.73999786
40.75999832
40.77999878
40.79999924
40.8199997
40.84000015
40.86000061
40.88000107
40.90000153
40.91999817
40.93999863
40.95999908
40.97999954
41
41.02000046
41.04000092
41.06000137
41.08000183
41.09999847
41.11999893
41.13999939
41.15999985
41.18000031
41.20000076
41.22000122
41.23999786
41.25999832
41.27999878
41.29999924
41.3199997
41.34000015
41.36000061
41.38000107
41.40000153
41.41999817
41.43999863
41.45999908
41.47999954
41.5
41.52000046
41.54000092
41.56000137
41.58000183
41.59999847
41.61999893
41.63999939
41.65999985
41.68000031
41.70000076
41.72000122
41.73999786
41.75999832
41.77999878
41.79999924
41.8199997
41.84000015
41.86000061
41.88000107
41.90000153
41.91999817
41.93999863
41.95999908
41.97999954
42
42.02000046
42.04000092
42.06000137
42.07999802
42.09999847
42.11999893
42.13999939
42.15999985
42.18000031
42.20000076
42.22000122
42.23999786
42.25999832
42.27999878
42.29999924
42.3199997
42.34000015
42.36000061
42.38000107
42.40000153
42.41999817
42.43999863
42.45999908
42.47999954
42.5
42.52000046
42.54000092
42.56000137
42.57999802
42.59999847
42.61999893
42.63999939
42.65999985
42.68000031
42.70000076
42.72000122
42.73999786
42.75999832
42.77999878
42.79999924
42.8199997
42.84000015
42.86000061
42.88000107
42.90000153
42.91999817
42.93999863
42.95999908
42.97999954
43
43.02000046
43.04000092
43.06000137
43.07999802
43.09999847
43.11999893
43.13999939
43.15999985
43.18000031
43.20000076
43.22000122
43.23999786
43.25999832
43.27999878
43.29999924
43.3199997
43.34000015
43.36000061
43.38000107
43.40000153
43.41999817
43.43999863
43.45999908
43.47999954
43.5
43.52000046
43.54000092
43.56000137
43.57999802
43.59999847
43.61999893
43.63999939
43.65999985
43.68000031
43.70000076
43.72000122
43.73999786
43.75999832
43.77999878
43.79999924
43.8199997
43.84000015
43.86000061
43.88000107
43.90000153
43.91999817
43.93999863
43.95999908
43.97999954
44
44.02000046
44.04000092
44.06000137
44.07999802
44.09999847
44.11999893
44.13999939
44.15999985
44.18000031
44.20000076
44.22000122
44.23999786
44.25999832
44.27999878
44.29999924
44.3199997
44.34000015
44.36000061
44.38000107
44.40000153
44.41999817
44.43999863
44.45999908
44.47999954
44.5
44.52000046
44.54000092
44.56000137
44.57999802
44.59999847
44.61999893
44.63999939
44.65999985
44.68000031
44.70000076
44.72000122
44.73999786
44.75999832
44.77999878
44.79999924
44.8199997
44.84000015
44.86000061
44.88000107
44.90000153
44.91999817
44.93999863
44.95999908
44.97999954
45
45.02000046
45.04000092
45.06000137
45.07999802
45.09999847
45.11999893
45.13999939
45.15999985
45.18000031
45.20000076
45.22000122
45.23999786
45.25999832
45.27999878
45.29999924
45.3199997
45.34000015
45.36000061
45.38000107
45.40000153
45.41999817
45.43999863
45.45999908
45.47999954
45.5
45.52000046
45.54000092
45.56000137
45.57999802
45.59999847
45.61999893
45.63999939
45.65999985
45.68000031
45.70000076
45.72000122
45.73999786
45.75999832
45.77999878
45.79999924
45.8199997
45.84000015
45.86000061
45.88000107
45.90000153
45.91999817
45.93999863
45.95999908
45.97999954
46
46.02000046
46.04000092
46.06000137
46.07999802
46.09999847
46.11999893
46.13999939
46.15999985
46.18000031
46.20000076
46.22000122
46.23999786
46.25999832
46.27999878
46.29999924
46.3199997
46.34000015
46.36000061
46.38000107
46.40000153
46.41999817
46.43999863
46.45999908
46.47999954
46.5
46.52000046
46.54000092
46.56000137
46.57999802
46.59999847
46.61999893
46.63999939
46.65999985
46.68000031
46.70000076
46.72000122
46.73999786
46.75999832
46.77999878
46.79999924
46.8199997
46.84000015
46.86000061
46.88000107
46.90000153
46.91999817
46.93999863
46.95999908
46.97999954
47
47.02000046
47.04000092
47.06000137
47.07999802
47.09999847
47.11999893
47.13999939
47.15999985
47.18000031
47.20000076
47.22000122
47.23999786
47.25999832
47.27999878
47.29999924
47.3199997
47.34000015
47.36000061
47.38000107
47.40000153
47.41999817
47.43999863
47.45999908
47.47999954
47.5
47.52000046
47.54000092
47.56000137
47.57999802
47.59999847
47.61999893
47.63999939
47.65999985
47.68000031
47.70000076
47.72000122
47.73999786
47.75999832
47.77999878
47.79999924
47.8199997
47.84000015
47.86000061
47.88000107
47.90000153
47.91999817
47.93999863
47.95999908
47.97999954
48
48.02000046
48.04000092
48.06000137
48.07999802
48.09999847
48.11999893
48.13999939
48.15999985
48.18000031
48.20000076
48.22000122
48.23999786
48.25999832
48.27999878
48.29999924
48.3199997
48.34000015
48.36000061
48.38000107
48.40000153
48.41999817
48.43999863
48.45999908
48.47999954
48.5
48.52000046
48.54000092
48.56000137
48.57999802
48.59999847
48.61999893
48.63999939
48.65999985
48.68000031
48.70000076
48.72000122
48.73999786
48.75999832
48.77999878
48.79999924
48.8199997
48.84000015
48.86000061
48.88000107
48.90000153
48.91999817
48.93999863
48.95999908
48.97999954
49
49.02000046
49.04000092
49.06000137
49.07999802
49.09999847
49.11999893
49.13999939
49.15999985
49.18000031
49.20000076
49.22000122
49.23999786
49.25999832
49.27999878
49.29999924
49.3199997
49.34000015
49.36000061
49.38000107
49.40000153
49.41999817
49.43999863
49.45999908
49.47999954
49.5
49.52000046
49.54000092
49.56000137
49.57999802
49.59999847
49.61999893
49.63999939
49.65999985
49.68000031
49.70000076
49.72000122
49.74000168
49.75999832
49.77999878
49.79999924
49.8199997
49.84000015
49.86000061
49.88000107
49.90000153
49.91999817
49.93999863
49.95999908
49.97999954
50
50.02000046
50.04000092
50.06000137
50.07999802
50.09999847
50.11999893
50.13999939
50.15999985
50.18000031
50.20000076
50.22000122
50.23999786
50.25999832
50.27999878
50.29999924
50.3199997
50.34000015
50.36000061
50.38000107
50.40000153
50.41999817
50.43999863
50.45999908
50.47999954
50.5
50.52000046
50.54000092
50.56000137
50.57999802
50.59999847
50.61999893
50.63999939
50.65999985
50.68000031
50.70000076
50.72000122
50.73999786
50.75999832
50.77999878
50.79999924
50.8199997
50.84000015
50.86000061
50.88000107
50.90000153
50.91999817
50.93999863
50.95999908
50.97999954
51
51.02000046
51.04000092
51.06000137
51.07999802
51.09999847
51.11999893
51.13999939
51.15999985
51.18000031
51.20000076
51.22000122
51.23999786
51.25999832
51.27999878
51.29999924
51.3199997
51.34000015
51.36000061
51.38000107
51.40000153
51.41999817
51.43999863
51.45999908
51.47999954
51.5
51.52000046
51.54000092
51.56000137
51.57999802
51.59999847
51.61999893
51.63999939
51.65999985
51.68000031
51.70000076
51.72000122
51.73999786
51.75999832
51.77999878
51.79999924
51.8199997
51.84000015
51.86000061
51.88000107
51.90000153
51.91999817
51.93999863
51.95999908
51.97999954
52
52.02000046
52.04000092
52.06000137
52.07999802
52.09999847
52.11999893
52.13999939
52.15999985
52.18000031
52.20000076
52.22000122
52.23999786
52.25999832
52.27999878
52.29999924
52.3199997
52.34000015
52.36000061
52.38000107
52.40000153
52.41999817
52.43999863
52.45999908
52.47999954
52.5
52.52000046
52.54000092
52.56000137
52.57999802
52.59999847
52.61999893
52.63999939
52.65999985
52.68000031
52.70000076
52.72000122
52.73999786
52.75999832
52.77999878
52.79999924
52.8199997
52.84000015
52.86000061
52.88000107
52.90000153
52.91999817
52.93999863
52.95999908
52.97999954
53
53.02000046
53.04000092
53.06000137
53.07999802
53.09999847
53.11999893
53.13999939
53.15999985
53.18000031
53.20000076
53.22000122
53.23999786
53.25999832
53.27999878
53.29999924
53.3199997
53.34000015
53.36000061
53.38000107
53.40000153
53.41999817
53.43999863
53.45999908
53.47999954
53.5
53.52000046
53.54000092
53.56000137
53.57999802
53.59999847
53.61999893
53.63999939
53.65999985
53.68000031
53.70000076
53.72000122
53.73999786
53.75999832
53.77999878
53.79999924
53.8199997
53.84000015
53.86000061
53.88000107
53.90000153
53.91999817
53.93999863
53.95999908
53.97999954
54
54.02000046
54.04000092
54.06000137
54.07999802
54.09999847
54.11999893
54.13999939
54.15999985
54.18000031
54.20000076
54.22000122
54.23999786
54.25999832
54.27999878
54.29999924
54.3199997
54.34000015
54.36000061
54.38000107
54.40000153
54.41999817
54.43999863
54.45999908
54.47999954
54.5
54.52000046
54.54000092
54.56000137
54.57999802
54.59999847
54.61999893
54.63999939
54.65999985
54.68000031
54.70000076
54.72000122
54.73999786
54.75999832
54.77999878
54.79999924
54.8199997
54.84000015
54.86000061
54.88000107
54.90000153
54.91999817
54.93999863
54.95999908
54.97999954
55
55.02000046
55.04000092
55.06000137
55.07999802
55.09999847
55.11999893
55.13999939
55.15999985
55.18000031
55.20000076
55.22000122
55.23999786
55.25999832
55.27999878
55.29999924
55.3199997
55.34000015
55.36000061
55.38000107
55.40000153
55.41999817
55.43999863
55.45999908
55.47999954
55.5
55.52000046
55.54000092
55.56000137
55.57999802
55.59999847
55.61999893
55.63999939
55.65999985
55.68000031
55.70000076
55.72000122
55.73999786
55.75999832
55.77999878
55.79999924
55.8199997
55.84000015
55.86000061
55.88000107
55.90000153
55.91999817
55.93999863
55.95999908
55.97999954
56
56.02000046
56.04000092
56.06000137
56.07999802
56.09999847
56.11999893
56.13999939
56.15999985
56.18000031
56.20000076
56.22000122
56.23999786
56.25999832
56.27999878
56.29999924
56.3199997
56.34000015
56.36000061
56.38000107
56.40000153
56.41999817
56.43999863
56.45999908
56.47999954
56.5
56.52000046
56.54000092
56.56000137
56.57999802
56.59999847
56.61999893
56.63999939
56.65999985
56.68000031
56.70000076
56.72000122
56.73999786
56.75999832
56.77999878
56.79999924
56.8199997
56.84000015
56.86000061
56.88000107
56.90000153
56.91999817
56.93999863
56.95999908
56.97999954
57
57.02000046
57.04000092
57.06000137
57.07999802
57.09999847
57.11999893
57.13999939
57.15999985
57.18000031
57.20000076
57.22000122
57.23999786
57.25999832
57.27999878
57.29999924
57.3199997
57.34000015
57.36000061
57.38000107
57.40000153
57.41999817
57.43999863
57.45999908
57.47999954
57.5
57.52000046
57.54000092
57.56000137
57.57999802
57.59999847
57.61999893
57.63999939
57.65999985
57.68000031
57.70000076
57.72000122
57.73999786
57.75999832
57.77999878
57.79999924
57.8199997
57.84000015
57.86000061
57.88000107
57.90000153
57.91999817
57.93999863
57.95999908
57.97999954
58
58.02000046
58.04000092
58.06000137
58.08000183
58.09999847
58.11999893
58.13999939
58.15999985
58.18000031
58.20000076
58.22000122
58.23999786
58.25999832
58.27999878
58.29999924
58.3199997
58.34000015
58.36000061
58.38000107
58.40000153
58.41999817
58.43999863
58.45999908
58.47999954
58.5
58.52000046
58.54000092
58.56000137
58.58000183
58.59999847
58.61999893
58.63999939
58.65999985
58.68000031
58.70000076
58.72000122
58.73999786
58.75999832
58.77999878
58.79999924
58.8199997
58.84000015
58.86000061
58.88000107
58.90000153
58.91999817
58.93999863
58.95999908
58.97999954
59
59.02000046
59.04000092
59.06000137
59.08000183
59.09999847
59.11999893
59.13999939
59.15999985
59.18000031
59.20000076
59.22000122
59.23999786
59.25999832
59.27999878
59.29999924
59.3199997
59.34000015
59.36000061
59.38000107
59.40000153
59.41999817
59.43999863
59.45999908
59.47999954
59.5
59.52000046
59.54000092
59.56000137
59.58000183
59.59999847
59.61999893
59.63999939
59.65999985
59.68000031
59.70000076
59.72000122
59.73999786
59.75999832
59.77999878
59.79999924
59.8199997
59.84000015
59.86000061
59.88000107
59.90000153
59.91999817
59.93999863
59.95999908
59.97999954
60
60.02000046
60.04000092
60.06000137
60.08000183
60.09999847
60.11999893
60.13999939
60.15999985
60.18000031
60.20000076
60.22000122
60.23999786
60.25999832
60.27999878
60.29999924
60.3199997
60.34000015
60.36000061
60.38000107
60.40000153
60.41999817
60.43999863
60.45999908
60.47999954
60.5
60.52000046
60.54000092
60.56000137
60.58000183
60.59999847
60.61999893
60.63999939
60.65999985
60.68000031
60.70000076
60.72000122
60.73999786
60.75999832
60.77999878
60.79999924
60.8199997
60.84000015
60.86000061
60.88000107
60.90000153
60.91999817
60.93999863
60.95999908
60.97999954
61
61.02000046
61.04000092
61.06000137
61.08000183
61.09999847
61.11999893
61.13999939
61.15999985
61.18000031
61.20000076
61.22000122
61.23999786
61.25999832
61.27999878
61.29999924
61.3199997
61.34000015
61.36000061
61.38000107
61.40000153
61.41999817
61.43999863
61.45999908
61.47999954
61.5
61.52000046
61.54000092
61.56000137
61.58000183
61.59999847
61.61999893
61.63999939
61.65999985
61.68000031
61.70000076
61.72000122
61.73999786
61.75999832
61.77999878
61.79999924
61.8199997
61.84000015
61.86000061
61.88000107
61.90000153
61.91999817
61.93999863
61.95999908
61.97999954
62
62.02000046
62.04000092
62.06000137
62.08000183
62.09999847
62.11999893
62.13999939
62.15999985
62.18000031
62.20000076
62.22000122
62.23999786
62.25999832
62.27999878
62.29999924
62.3199997
62.34000015
62.36000061
62.38000107
62.40000153
62.41999817
62.43999863
62.45999908
62.47999954
62.5
62.52000046
62.54000092
62.56000137
62.58000183
62.59999847
62.61999893
62.63999939
62.65999985
62.68000031
62.70000076
62.72000122
62.73999786
62.75999832
62.77999878
62.79999924
62.8199997
62.84000015
62.86000061
62.88000107
62.90000153
62.91999817
62.93999863
62.95999908
62.97999954
63
63.02000046
63.04000092
63.06000137
63.08000183
63.09999847
63.11999893
63.13999939
63.15999985
63.18000031
63.20000076
63.22000122
63.23999786
63.25999832
63.27999878
63.29999924
63.3199997
63.34000015
63.36000061
63.38000107
63.40000153
63.41999817
63.43999863
63.45999908
63.47999954
63.5
63.52000046
63.54000092
63.56000137
63.58000183
63.59999847
63.61999893
63.63999939
63.65999985
63.68000031
63.70000076
63.72000122
63.73999786
63.75999832
63.77999878
63.79999924
63.8199997
63.84000015
63.86000061
63.88000107
63.90000153
63.91999817
63.93999863
63.95999908
63.97999954
64
64.01999664
64.04000092
64.05999756
64.08000183
64.09999847
64.12000275
64.13999939
64.16000366
64.18000031
64.19999695
64.22000122
64.23999786
64.26000214
64.27999878
64.30000305
64.3199997
64.33999634
64.36000061
64.37999725
64.40000153
64.41999817
64.44000244
64.45999908
64.47999573
64.5
64.51999664
64.54000092
64.55999756
64.58000183
64.59999847
64.62000275
64.63999939
64.66000366
64.68000031
64.69999695
64.72000122
64.73999786
64.76000214
64.77999878
64.80000305
64.8199997
64.83999634
64.86000061
64.87999725
64.90000153
64.91999817
64.94000244
64.95999908
64.97999573
65
65.01999664
65.04000092
65.05999756
65.08000183
65.09999847
65.12000275
65.13999939
65.16000366
65.18000031
65.19999695
65.22000122
65.23999786
65.26000214
65.27999878
65.30000305
65.3199997
65.33999634
65.36000061
65.37999725
65.40000153
65.41999817
65.44000244
65.45999908
65.47999573
65.5
65.51999664
65.54000092
65.55999756
65.58000183
65.59999847
65.62000275
65.63999939
65.66000366
65.68000031
65.69999695
65.72000122
65.73999786
65.76000214
65.77999878
65.80000305
65.8199997
65.83999634
65.86000061
65.87999725
65.90000153
65.91999817
65.94000244
65.95999908
65.97999573
66
66.02000427
66.04000092
66.05999756
66.08000183
66.09999847
66.12000275
66.13999939
66.16000366
66.18000031
66.19999695
66.22000122
66.23999786
66.26000214
66.27999878
66.30000305
66.3199997
66.33999634
66.36000061
66.37999725
66.40000153
66.41999817
66.44000244
66.45999908
66.47999573
66.5
66.52000427
66.54000092
66.55999756
66.58000183
66.59999847
66.62000275
66.63999939
66.66000366
66.68000031
66.69999695
66.72000122
66.73999786
66.76000214
66.77999878
66.80000305
66.8199997
66.83999634
66.86000061
66.87999725
66.90000153
66.91999817
66.94000244
66.95999908
66.97999573
67
67.02000427
67.04000092
67.05999756
67.08000183
67.09999847
67.12000275
67.13999939
67.16000366
67.18000031
67.19999695
67.22000122
67.23999786
67.26000214
67.27999878
67.30000305
67.3199997
67.33999634
67.36000061
67.37999725
67.40000153
67.41999817
67.44000244
67.45999908
67.47999573
67.5
67.52000427
67.54000092
67.55999756
67.58000183
67.59999847
67.62000275
67.63999939
67.66000366
67.68000031
67.69999695
67.72000122
67.73999786
67.76000214
67.77999878
67.80000305
67.8199997
67.83999634
67.86000061
67.87999725
67.90000153
67.91999817
67.94000244
67.95999908
67.97999573
68
68.02000427
68.04000092
68.05999756
68.08000183
68.09999847
68.12000275
68.13999939
68.16000366
68.18000031
68.19999695
68.22000122
68.23999786
68.26000214
68.27999878
68.30000305
68.3199997
68.33999634
68.36000061
68.37999725
68.40000153
68.41999817
68.44000244
68.45999908
68.47999573
68.5
68.52000427
68.54000092
68.55999756
68.58000183
68.59999847
68.62000275
68.63999939
68.66000366
68.68000031
68.69999695
68.72000122
68.73999786
68.76000214
68.77999878
68.80000305
68.8199997
68.83999634
68.86000061
68.87999725
68.90000153
68.91999817
68.94000244
68.95999908
68.97999573
69
69.02000427
69.04000092
69.05999756
69.08000183
69.09999847
69.12000275
69.13999939
69.16000366
69.18000031
69.19999695
69.22000122
69.23999786
69.26000214
69.27999878
69.30000305
69.3199997
69.33999634
69.36000061
69.37999725
69.40000153
69.41999817
69.44000244
69.45999908
69.47999573
69.5
69.52000427
69.54000092
69.55999756
69.58000183
69.59999847
69.62000275
69.63999939
69.66000366
69.68000031
69.69999695
69.72000122
69.73999786
69.76000214
69.77999878
69.80000305
69.8199997
69.83999634
69.86000061
69.87999725
69.90000153
69.91999817
69.94000244
69.95999908
69.97999573
70
70.02000427
70.04000092
70.05999756
70.08000183
70.09999847
70.12000275
70.13999939
70.16000366
70.18000031
70.19999695
70.22000122
70.23999786
70.26000214
70.27999878
70.30000305
70.3199997
70.33999634
70.36000061
70.37999725
70.40000153
70.41999817
70.44000244
70.45999908
70.47999573
70.5
70.52000427
70.54000092
70.55999756
70.58000183
70.59999847
70.62000275
70.63999939
70.66000366
70.68000031
70.69999695
70.72000122
70.73999786
70.76000214
70.77999878
70.80000305
70.8199997
70.83999634
70.86000061
70.87999725
70.90000153
70.91999817
70.94000244
70.95999908
70.97999573
71
71.02000427
71.04000092
71.05999756
71.08000183
71.09999847
71.12000275
71.13999939
71.16000366
71.18000031
71.19999695
71.22000122
71.23999786
71.26000214
71.27999878
71.30000305
71.3199997
71.33999634
71.36000061
71.37999725
71.40000153
71.41999817
71.44000244
71.45999908
71.47999573
71.5
71.52000427
71.54000092
71.55999756
71.58000183
71.59999847
71.62000275
71.63999939
71.66000366
71.68000031
71.69999695
71.72000122
71.73999786
71.76000214
71.77999878
71.80000305
71.8199997
71.83999634
71.86000061
71.87999725
71.90000153
71.91999817
71.94000244
71.95999908
71.97999573
72
72.02000427
72.04000092
72.05999756
72.08000183
72.09999847
72.12000275
72.13999939
72.16000366
72.18000031
72.19999695
72.22000122
72.23999786
72.26000214
72.27999878
72.30000305
72.3199997
72.33999634
72.36000061
72.37999725
72.40000153
72.41999817
72.44000244
72.45999908
72.47999573
72.5
72.52000427
72.54000092
72.55999756
72.58000183
72.59999847
72.62000275
72.63999939
72.66000366
72.68000031
72.69999695
72.72000122
72.73999786
72.76000214
72.77999878
72.80000305
72.8199997
72.83999634
72.86000061
72.87999725
72.90000153
72.91999817
72.94000244
72.95999908
72.97999573
73
73.02000427
73.04000092
73.05999756
73.08000183
73.09999847
73.12000275
73.13999939
73.16000366
73.18000031
73.19999695
73.22000122
73.23999786
73.26000214
73.27999878
73.30000305
73.3199997
73.33999634
73.36000061
73.37999725
73.40000153
73.41999817
73.44000244
73.45999908
73.47999573
73.5
73.52000427
73.54000092
73.55999756
73.58000183
73.59999847
73.62000275
73.63999939
73.66000366
73.68000031
73.69999695
73.72000122
73.73999786
73.76000214
73.77999878
73.80000305
73.8199997
73.83999634
73.86000061
73.87999725
73.90000153
73.91999817
73.94000244
73.95999908
73.97999573
74
74.02000427
74.04000092
74.05999756
74.08000183
74.09999847
74.12000275
74.13999939
74.16000366
74.18000031
74.19999695
74.22000122
74.23999786
74.26000214
74.27999878
74.30000305
74.3199997
74.33999634
74.36000061
74.37999725
74.40000153
74.41999817
74.44000244
74.45999908
74.47999573
74.5
74.52000427
74.54000092
74.55999756
74.58000183
74.59999847
74.62000275
74.63999939
74.66000366
74.68000031
74.69999695
74.72000122
74.73999786
74.76000214
74.77999878
74.80000305
74.8199997
74.83999634
74.86000061
74.87999725
74.90000153
74.91999817
74.94000244
74.95999908
74.97999573
75
75.02000427
75.04000092
75.05999756
75.08000183
75.09999847
75.12000275
75.13999939
75.16000366
75.18000031
75.19999695
75.22000122
75.23999786
75.26000214
75.27999878
75.30000305
75.3199997
75.33999634
75.36000061
75.37999725
75.40000153
75.41999817
75.44000244
75.45999908
75.47999573
75.5
75.52000427
75.54000092
75.55999756
75.58000183
75.59999847
75.62000275
75.63999939
75.66000366
75.68000031
75.69999695
75.72000122
75.73999786
75.76000214
75.77999878
75.80000305
75.8199997
75.83999634
75.86000061
75.87999725
75.90000153
75.91999817
75.94000244
75.95999908
75.97999573
76
76.02000427
76.04000092
76.05999756
76.08000183
76.09999847
76.12000275
76.13999939
76.16000366
76.18000031
76.19999695
76.22000122
76.23999786
76.26000214
76.27999878
76.30000305
76.3199997
76.33999634
76.36000061
76.37999725
76.40000153
76.41999817
76.44000244
76.45999908
76.47999573
76.5
76.52000427
76.54000092
76.55999756
76.58000183
76.59999847
76.62000275
76.63999939
76.66000366
76.68000031
76.69999695
76.72000122
76.73999786
76.76000214
76.77999878
76.80000305
76.8199997
76.83999634
76.86000061
76.87999725
76.90000153
76.91999817
76.94000244
76.95999908
76.97999573
77
77.02000427
77.04000092
77.05999756
77.08000183
77.09999847
77.12000275
77.13999939
77.16000366
77.18000031
77.19999695
77.22000122
77.23999786
77.26000214
77.27999878
77.30000305
77.3199997
77.33999634
77.36000061
77.37999725
77.40000153
77.41999817
77.44000244
77.45999908
77.47999573
77.5
77.52000427
77.54000092
77.55999756
77.58000183
77.59999847
77.62000275
77.63999939
77.66000366
77.68000031
77.69999695
77.72000122
77.73999786
77.76000214
77.77999878
77.80000305
77.8199997
77.83999634
77.86000061
77.87999725
77.90000153
77.91999817
77.94000244
77.95999908
77.97999573
78
78.02000427
78.04000092
78.05999756
78.08000183
78.09999847
78.12000275
78.13999939
78.16000366
78.18000031
78.19999695
78.22000122
78.23999786
78.26000214
78.27999878
78.30000305
78.3199997
78.33999634
78.36000061
78.37999725
78.40000153
78.41999817
78.44000244
78.45999908
78.47999573
78.5
78.52000427
78.54000092
78.55999756
78.58000183
78.59999847
78.62000275
78.63999939
78.66000366
78.68000031
78.69999695
78.72000122
78.73999786
78.76000214
78.77999878
78.80000305
78.8199997
78.83999634
78.86000061
78.87999725
78.90000153
78.91999817
78.94000244
78.95999908
78.97999573
79
79.02000427
79.04000092
79.05999756
79.08000183
79.09999847
79.12000275
79.13999939
79.16000366
79.18000031
79.19999695
79.22000122
79.23999786
79.26000214
79.27999878
79.30000305
79.3199997
79.33999634
79.36000061
79.37999725
79.40000153
79.41999817
79.44000244
79.45999908
79.47999573
79.5
79.52000427
79.54000092
79.55999756
79.58000183
79.59999847
79.62000275
79.63999939
79.66000366
79.68000031
79.69999695
79.72000122
79.73999786
79.76000214
79.77999878
79.80000305
79.8199997
79.83999634
79.86000061
79.87999725
79.90000153
79.91999817
79.94000244
79.95999908
79.97999573
80
80.02000427
80.04000092
80.05999756
80.08000183
80.09999847
80.12000275
80.13999939
80.16000366
80.18000031
80.19999695
80.22000122
80.23999786
80.26000214
80.27999878
80.30000305
80.3199997
80.33999634
80.36000061
80.37999725
80.40000153
80.41999817
80.44000244
80.45999908
80.47999573
80.5
80.52000427
80.54000092
80.55999756
80.58000183
80.59999847
80.62000275
80.63999939
80.66000366
80.68000031
80.69999695
80.72000122
80.73999786
80.76000214
80.77999878
80.80000305
80.8199997
80.83999634
80.86000061
80.87999725
80.90000153
80.91999817
80.94000244
80.95999908
80.97999573
81
81.02000427
81.04000092
81.05999756
81.08000183
81.09999847
81.12000275
81.13999939
81.16000366
81.18000031
81.19999695
81.22000122
81.23999786
81.26000214
81.27999878
81.30000305
81.3199997
81.33999634
81.36000061
81.37999725
81.40000153
81.41999817
81.44000244
81.45999908
81.47999573
81.5
81.52000427
81.54000092
81.55999756
81.58000183
81.59999847
81.62000275
81.63999939
81.66000366
81.68000031
81.69999695
81.72000122
81.73999786
81.76000214
81.77999878
81.80000305
81.8199997
81.83999634
81.86000061
81.87999725
81.90000153
81.91999817
81.94000244
81.95999908
81.97999573
82
82.02000427
82.04000092
82.05999756
82.08000183
82.09999847
82.11999512
82.13999939
82.16000366
82.18000031
82.19999695
82.22000122
82.23999786
82.25999451
82.27999878
82.30000305
82.3199997
82.33999634
82.36000061
82.38000488
82.40000153
82.41999817
82.44000244
82.45999908
82.47999573
82.5
82.52000427
82.54000092
82.55999756
82.58000183
82.59999847
82.61999512
82.63999939
82.66000366
82.68000031
82.69999695
82.72000122
82.73999786
82.75999451
82.77999878
82.80000305
82.8199997
82.83999634
82.86000061
82.88000488
82.90000153
82.91999817
82.94000244
82.95999908
82.97999573
83
83.02000427
83.04000092
83.05999756
83.08000183
83.09999847
83.11999512
83.13999939
83.16000366
83.18000031
83.19999695
83.22000122
83.23999786
83.25999451
83.27999878
83.30000305
83.3199997
83.33999634
83.36000061
83.38000488
83.40000153
83.41999817
83.44000244
83.45999908
83.47999573
83.5
83.52000427
83.54000092
83.55999756
83.58000183
83.59999847
83.61999512
83.63999939
83.66000366
83.68000031
83.69999695
83.72000122
83.73999786
83.75999451
83.77999878
83.80000305
83.8199997
83.83999634
83.86000061
83.88000488
83.90000153
83.91999817
83.94000244
83.95999908
83.97999573
84
84.02000427
84.04000092
84.05999756
84.08000183
84.09999847
84.11999512
84.13999939
84.16000366
84.18000031
84.19999695
84.22000122
84.23999786
84.25999451
84.27999878
84.30000305
84.3199997
84.33999634
84.36000061
84.38000488
84.40000153
84.41999817
84.44000244
84.45999908
84.47999573
84.5
84.52000427
84.54000092
84.55999756
84.58000183
84.59999847
84.61999512
84.63999939
84.66000366
84.68000031
84.69999695
84.72000122
84.73999786
84.75999451
84.77999878
84.80000305
84.8199997
84.83999634
84.86000061
84.88000488
84.90000153
84.91999817
84.94000244
84.95999908
84.97999573
85
85.02000427
85.04000092
85.05999756
85.08000183
85.09999847
85.11999512
85.13999939
85.16000366
85.18000031
85.19999695
85.22000122
85.23999786
85.25999451
85.27999878
85.30000305
85.3199997
85.33999634
85.36000061
85.38000488
85.40000153
85.41999817
85.44000244
85.45999908
85.47999573
85.5
85.52000427
85.54000092
85.55999756
85.58000183
85.59999847
85.61999512
85.63999939
85.66000366
85.68000031
85.69999695
85.72000122
85.73999786
85.75999451
85.77999878
85.80000305
85.8199997
85.83999634
85.86000061
85.88000488
85.90000153
85.91999817
85.94000244
85.95999908
85.97999573
86
86.02000427
86.04000092
86.05999756
86.08000183
86.09999847
86.11999512
86.13999939
86.16000366
86.18000031
86.19999695
86.22000122
86.23999786
86.25999451
86.27999878
86.30000305
86.3199997
86.33999634
86.36000061
86.38000488
86.40000153
86.41999817
86.44000244
86.45999908
86.47999573
86.5
86.52000427
86.54000092
86.55999756
86.58000183
86.59999847
86.61999512
86.63999939
86.66000366
86.68000031
86.69999695
86.72000122
86.73999786
86.75999451
86.77999878
86.80000305
86.8199997
86.83999634
86.86000061
86.88000488
86.90000153
86.91999817
86.94000244
86.95999908
86.97999573
87
87.02000427
87.04000092
87.05999756
87.08000183
87.09999847
87.11999512
87.13999939
87.16000366
87.18000031
87.19999695
87.22000122
87.23999786
87.25999451
87.27999878
87.30000305
87.3199997
87.33999634
87.36000061
87.38000488
87.40000153
87.41999817
87.44000244
87.45999908
87.47999573
87.5
87.52000427
87.54000092
87.55999756
87.58000183
87.59999847
87.61999512
87.63999939
87.66000366
87.68000031
87.69999695
87.72000122
87.73999786
87.75999451
87.77999878
87.80000305
87.8199997
87.83999634
87.86000061
87.88000488
87.90000153
87.91999817
87.94000244
87.95999908
87.97999573
88
88.02000427
88.04000092
88.05999756
88.08000183
88.09999847
88.11999512
88.13999939
88.16000366
88.18000031
88.19999695
88.22000122
88.23999786
88.25999451
88.27999878
88.30000305
88.3199997
88.33999634
88.36000061
88.38000488
88.40000153
88.41999817
88.44000244
88.45999908
88.47999573
88.5
88.52000427
88.54000092
88.55999756
88.58000183
88.59999847
88.61999512
88.63999939
88.66000366
88.68000031
88.69999695
88.72000122
88.73999786
88.75999451
88.77999878
88.80000305
88.8199997
88.83999634
88.86000061
88.88000488
88.90000153
88.91999817
88.94000244
88.95999908
88.97999573
89
89.02000427
89.04000092
89.05999756
89.08000183
89.09999847
89.11999512
89.13999939
89.16000366
89.18000031
89.19999695
89.22000122
89.23999786
89.25999451
89.27999878
89.30000305
89.3199997
89.33999634
89.36000061
89.38000488
89.40000153
89.41999817
89.44000244
89.45999908
89.47999573
89.5
89.52000427
89.54000092
89.55999756
89.58000183
89.59999847
89.61999512
89.63999939
89.66000366
89.68000031
89.69999695
89.72000122
89.73999786
89.75999451
89.77999878
89.80000305
89.8199997
89.83999634
89.86000061
89.88000488
89.90000153
89.91999817
89.94000244
89.95999908
89.97999573
90
90.02000427
90.04000092
90.05999756
90.08000183
90.09999847
90.11999512
90.13999939
90.16000366
90.18000031
90.19999695
90.22000122
90.23999786
90.25999451
90.27999878
90.30000305
90.3199997
90.33999634
90.36000061
90.38000488
90.40000153
90.41999817
90.44000244
90.45999908
90.47999573
90.5
90.52000427
90.54000092
90.55999756
90.58000183
90.59999847
90.61999512
90.63999939
90.66000366
90.68000031
90.69999695
90.72000122
90.73999786
90.75999451
90.77999878
90.80000305
90.8199997
90.83999634
90.86000061
90.88000488
90.90000153
90.91999817
90.94000244
90.95999908
90.97999573
91
91.02000427
91.04000092
91.05999756
91.08000183
91.09999847
91.11999512
91.13999939
91.16000366
91.18000031
91.19999695
91.22000122
91.23999786
91.25999451
91.27999878
91.30000305
91.3199997
91.33999634
91.36000061
91.38000488
91.40000153
91.41999817
91.44000244
91.45999908
91.47999573
91.5
91.52000427
91.54000092
91.55999756
91.58000183
91.59999847
91.61999512
91.63999939
91.66000366
91.68000031
91.69999695
91.72000122
91.73999786
91.75999451
91.77999878
91.80000305
91.8199997
91.83999634
91.86000061
91.88000488
91.90000153
91.91999817
91.94000244
91.95999908
91.97999573
92
92.02000427
92.04000092
92.05999756
92.08000183
92.09999847
92.11999512
92.13999939
92.16000366
92.18000031
92.19999695
92.22000122
92.23999786
92.25999451
92.27999878
92.30000305
92.3199997
92.33999634
92.36000061
92.38000488
92.40000153
92.41999817
92.44000244
92.45999908
92.47999573
92.5
92.52000427
92.54000092
92.55999756
92.58000183
92.59999847
92.61999512
92.63999939
92.66000366
92.68000031
92.69999695
92.72000122
92.73999786
92.75999451
92.77999878
92.80000305
92.8199997
92.83999634
92.86000061
92.88000488
92.90000153
92.91999817
92.94000244
92.95999908
92.97999573
93
93.02000427
93.04000092
93.05999756
93.08000183
93.09999847
93.11999512
93.13999939
93.16000366
93.18000031
93.19999695
93.22000122
93.23999786
93.25999451
93.27999878
93.30000305
93.3199997
93.33999634
93.36000061
93.38000488
93.40000153
93.41999817
93.44000244
93.45999908
93.47999573
93.5
93.52000427
93.54000092
93.55999756
93.58000183
93.59999847
93.61999512
93.63999939
93.66000366
93.68000031
93.69999695
93.72000122
93.73999786
93.75999451
93.77999878
93.80000305
93.8199997
93.83999634
93.86000061
93.88000488
93.90000153
93.91999817
93.94000244
93.95999908
93.97999573
94
94.02000427
94.04000092
94.05999756
94.08000183
94.09999847
94.11999512
94.13999939
94.16000366
94.18000031
94.19999695
94.22000122
94.23999786
94.25999451
94.27999878
94.30000305
94.3199997
94.33999634
94.36000061
94.38000488
94.40000153
94.41999817
94.44000244
94.45999908
94.47999573
94.5
94.52000427
94.54000092
94.55999756
94.58000183
94.59999847
94.61999512
94.63999939
94.66000366
94.68000031
94.69999695
94.72000122
94.73999786
94.75999451
94.77999878
94.80000305
94.8199997
94.83999634
94.86000061
94.88000488
94.90000153
94.91999817
94.94000244
94.95999908
94.97999573
95
95.02000427
95.04000092
95.05999756
95.08000183
95.09999847
95.11999512
95.13999939
95.16000366
95.18000031
95.19999695
95.22000122
95.23999786
95.25999451
95.27999878
95.30000305
95.3199997
95.33999634
95.36000061
95.38000488
95.40000153
95.41999817
95.44000244
95.45999908
95.47999573
95.5
95.52000427
95.54000092
95.55999756
95.58000183
95.59999847
95.61999512
95.63999939
95.66000366
95.68000031
95.69999695
95.72000122
95.73999786
95.75999451
95.77999878
95.80000305
95.8199997
95.83999634
95.86000061
95.88000488
95.90000153
95.91999817
95.94000244
95.95999908
95.97999573
96
96.02000427
96.04000092
96.05999756
96.08000183
96.09999847
96.11999512
96.13999939
96.16000366
96.18000031
96.19999695
96.22000122
96.23999786
96.25999451
96.27999878
96.30000305
96.3199997
96.33999634
96.36000061
96.38000488
96.40000153
96.41999817
96.44000244
96.45999908
96.47999573
96.5
96.52000427
96.54000092
96.55999756
96.58000183
96.59999847
96.61999512
96.63999939
96.66000366
96.68000031
96.69999695
96.72000122
96.73999786
96.75999451
96.77999878
96.80000305
96.8199997
96.83999634
96.86000061
96.88000488
96.90000153
96.91999817
96.94000244
96.95999908
96.97999573
97
97.02000427
97.04000092
97.05999756
97.08000183
97.09999847
97.11999512
97.13999939
97.16000366
97.18000031
97.19999695
97.22000122
97.23999786
97.25999451
97.27999878
97.30000305
97.3199997
97.33999634
97.36000061
97.38000488
97.40000153
97.41999817
97.44000244
97.45999908
97.47999573
97.5
97.52000427
97.54000092
97.55999756
97.58000183
97.59999847
97.61999512
97.63999939
97.66000366
97.68000031
97.69999695
97.72000122
97.73999786
97.75999451
97.77999878
97.80000305
97.8199997
97.83999634
97.86000061
97.88000488
97.90000153
97.91999817
97.94000244
97.95999908
97.97999573
98
98.02000427
98.04000092
98.05999756
98.08000183
98.09999847
98.11999512
98.13999939
98.16000366
98.18000031
98.19999695
98.22000122
98.23999786
98.25999451
98.27999878
98.30000305
98.3199997
98.33999634
98.36000061
98.38000488
98.40000153
98.41999817
98.44000244
98.45999908
98.47999573
98.5
98.52000427
98.54000092
98.55999756
98.58000183
98.59999847
98.61999512
98.63999939
98.66000366
98.68000031
98.69999695
98.72000122
98.73999786
98.75999451
98.77999878
98.80000305
98.8199997
98.83999634
98.86000061
98.88000488
98.90000153
98.91999817
98.94000244
98.95999908
98.97999573
99
99.02000427
99.04000092
99.05999756
99.08000183
99.09999847
99.11999512
99.13999939
99.16000366
99.18000031
99.19999695
99.22000122
99.23999786
99.25999451
99.27999878
99.30000305
99.3199997
99.33999634
99.36000061
99.38000488
99.40000153
99.41999817
99.44000244
99.45999908
99.47999573
99.5
99.52000427
99.54000092
99.55999756
99.58000183
99.59999847
99.61999512
99.63999939
99.66000366
99.68000031
99.69999695
99.72000122
99.73999786
99.75999451
99.77999878
99.80000305
99.8199997
99.83999634
99.86000061
99.88000488
99.90000153
99.91999817
99.94000244
99.95999908
99.97999573
