0
0.010000229
0.020000458
0.030000687
0.039999962
0.049999237
0.059999466
0.069999695
0.079999924
0.090000153
0.100000381
0.11000061
0.119999886
0.129999161
0.13999939
0.149999619
0.159999847
0.170000076
0.180000305
0.190000534
0.199999809
0.209999084
0.219999313
0.229999542
0.239999771
0.25
0.260000229
0.270000458
0.280000687
0.289999962
0.299999237
0.309999466
0.319999695
0.329999924
0.340000153
0.350000381
0.36000061
0.369999886
0.379999161
0.38999939
0.399999619
0.409999847
0.420000076
0.430000305
0.440000534
0.449999809
0.459999084
0.469999313
0.479999542
0.489999771
0.5
0.510000229
0.520000458
0.530000687
0.539999962
0.549999237
0.559999466
0.569999695
0.579999924
0.590000153
0.600000381
0.61000061
0.619999886
0.629999161
0.63999939
0.649999619
0.659999847
0.670000076
0.680000305
0.690000534
0.699999809
0.709999084
0.719999313
0.729999542
0.739999771
0.75
0.760000229
0.770000458
0.780000687
0.789999962
0.799999237
0.809999466
0.819999695
0.829999924
0.840000153
0.850000381
0.86000061
0.869999886
0.879999161
0.88999939
0.899999619
0.909999847
0.920000076
0.930000305
0.940000534
0.949999809
0.959999084
0.969999313
0.979999542
0.989999771
1
1.010000229
1.020000458
1.030000687
1.039999962
1.049999237
1.059999466
1.069999695
1.079999924
1.090000153
1.100000382
1.11000061
1.119999886
1.129999161
1.13999939
1.149999619
1.159999847
1.170000076
1.180000305
1.190000534
1.199999809
1.209999085
1.219999313
1.229999542
1.239999771
1.25
1.260000229
1.270000458
1.280000687
1.289999962
1.299999237
1.309999466
1.319999695
1.329999924
1.340000153
1.350000382
1.36000061
1.369999886
1.379999161
1.38999939
1.399999619
1.409999847
1.420000076
1.430000305
1.440000534
1.449999809
1.459999085
1.469999313
1.479999542
1.489999771
1.5
1.510000229
1.520000458
1.530000687
1.539999962
1.549999237
1.559999466
1.569999695
1.579999924
1.590000153
1.600000382
1.61000061
1.619999886
1.629999161
1.63999939
1.649999619
1.659999847
1.670000076
1.680000305
1.690000534
1.699999809
1.709999085
1.719999313
1.729999542
1.739999771
1.75
1.760000229
1.770000458
1.780000687
1.789999962
1.799999237
1.809999466
1.819999695
1.829999924
1.840000153
1.850000382
1.86000061
1.869999886
1.879999161
1.88999939
1.899999619
1.909999847
1.920000076
1.930000305
1.940000534
1.949999809
1.959999085
1.969999313
1.979999542
1.989999771
2
2.010000229
2.020000458
2.030000687
2.039999962
2.049999237
2.059999466
2.069999695
2.079999924
2.090000153
2.100000382
2.11000061
2.119999886
2.129999161
2.13999939
2.149999619
2.159999847
2.170000076
2.180000305
2.190000534
2.199999809
2.209999085
2.219999313
2.229999542
2.239999771
2.25
2.260000229
2.270000458
2.280000687
2.289999962
2.299999237
2.309999466
2.319999695
2.329999924
2.340000153
2.350000382
2.36000061
2.369999886
2.379999161
2.38999939
2.399999619
2.409999847
2.420000076
2.430000305
2.440000534
2.449999809
2.459999085
2.469999313
2.479999542
2.489999771
2.5
2.510000229
2.520000458
2.530000687
2.539999962
2.549999237
2.559999466
2.569999695
2.579999924
2.590000153
2.600000382
2.61000061
2.619999886
2.629999161
2.63999939
2.649999619
2.659999847
2.670000076
2.680000305
2.690000534
2.699999809
2.709999085
2.719999313
2.729999542
2.739999771
2.75
2.760000229
2.770000458
2.780000687
2.789999962
2.799999237
2.809999466
2.819999695
2.829999924
2.840000153
2.850000382
2.86000061
2.869999886
2.879999161
2.88999939
2.899999619
2.909999847
2.920000076
2.930000305
2.940000534
2.949999809
2.959999085
2.969999313
2.979999542
2.989999771
3
3.010000229
3.020000458
3.030000687
3.039999962
3.049999237
3.059999466
3.069999695
3.079999924
3.090000153
3.100000382
3.11000061
3.119999886
3.129999161
3.13999939
3.149999619
3.159999847
3.170000076
3.180000305
3.190000534
3.199999809
3.209999085
3.219999313
3.229999542
3.239999771
3.25
3.260000229
3.270000458
3.280000687
3.289999962
3.299999237
3.309999466
3.319999695
3.329999924
3.340000153
3.350000382
3.36000061
3.369999886
3.379999161
3.38999939
3.399999619
3.409999847
3.420000076
3.430000305
3.440000534
3.449999809
3.459999085
3.469999313
3.479999542
3.489999771
3.5
3.510000229
3.520000458
3.530000687
3.539999962
3.549999237
3.559999466
3.569999695
3.579999924
3.590000153
3.600000382
3.61000061
3.619999886
3.629999161
3.63999939
3.649999619
3.659999847
3.670000076
3.680000305
3.690000534
3.699999809
3.709999085
3.719999313
3.729999542
3.739999771
3.75
3.760000229
3.770000458
3.780000687
3.789999962
3.799999237
3.809999466
3.819999695
3.829999924
3.840000153
3.850000382
3.86000061
3.869999886
3.879999161
3.88999939
3.899999619
3.909999847
3.920000076
3.930000305
3.940000534
3.949999809
3.959999085
3.969999313
3.979999542
3.989999771
4
4.010000229
4.020000458
4.030000687
4.039999962
4.049999237
4.059999466
4.069999695
4.079999924
4.090000153
4.100000382
4.11000061
4.119999886
4.129999161
4.13999939
4.149999619
4.159999847
4.170000076
4.180000305
4.190000534
4.199999809
4.209999085
4.219999313
4.229999542
4.239999771
4.25
4.260000229
4.270000458
4.280000687
4.289999962
4.299999237
4.309999466
4.319999695
4.329999924
4.340000153
4.350000382
4.36000061
4.369999886
4.379999161
4.38999939
4.399999619
4.409999847
4.420000076
4.430000305
4.440000534
4.449999809
4.459999085
4.469999313
4.479999542
4.489999771
4.5
4.510000229
4.520000458
4.530000687
4.539999962
4.549999237
4.559999466
4.569999695
4.579999924
4.590000153
4.600000382
4.61000061
4.619999886
4.629999161
4.63999939
4.649999619
4.659999847
4.670000076
4.680000305
4.690000534
4.699999809
4.709999085
4.719999313
4.729999542
4.739999771
4.75
4.760000229
4.770000458
4.780000687
4.789999962
4.799999237
4.809999466
4.819999695
4.829999924
4.840000153
4.850000382
4.86000061
4.869999886
4.879999161
4.88999939
4.899999619
4.909999847
4.920000076
4.930000305
4.940000534
4.949999809
4.959999085
4.969999313
4.979999542
4.989999771
5
5.010000229
5.020000458
5.030000687
5.039999962
5.049999237
5.059999466
5.069999695
5.079999924
5.090000153
5.100000382
5.11000061
5.119999886
5.129999161
5.13999939
5.149999619
5.159999847
5.170000076
5.180000305
5.190000534
5.199999809
5.209999085
5.219999313
5.229999542
5.239999771
5.25
5.260000229
5.270000458
5.280000687
5.289999962
5.299999237
5.309999466
5.319999695
5.329999924
5.340000153
5.350000382
5.36000061
5.369999886
5.379999161
5.38999939
5.399999619
5.409999847
5.420000076
5.430000305
5.440000534
5.449999809
5.459999085
5.469999313
5.479999542
5.489999771
5.5
5.510000229
5.520000458
5.530000687
5.539999962
5.549999237
5.559999466
5.569999695
5.579999924
5.590000153
5.600000382
5.61000061
5.619999886
5.629999161
5.63999939
5.649999619
5.659999847
5.670000076
5.680000305
5.690000534
5.699999809
5.709999085
5.719999313
5.729999542
5.739999771
5.75
5.760000229
5.770000458
5.780000687
5.789999962
5.799999237
5.809999466
5.819999695
5.829999924
5.840000153
5.850000382
5.86000061
5.869999886
5.879999161
5.88999939
5.899999619
5.909999847
5.920000076
5.930000305
5.940000534
5.949999809
5.959999085
5.969999313
5.979999542
5.989999771
6
6.010000229
6.020000458
6.030000687
6.039999962
6.049999237
6.059999466
6.069999695
6.079999924
6.090000153
6.100000382
6.11000061
6.119999886
6.129999161
6.13999939
6.149999619
6.159999847
6.170000076
6.180000305
6.190000534
6.199999809
6.209999085
6.219999313
6.229999542
6.239999771
6.25
6.260000229
6.270000458
6.280000687
6.289999962
6.299999237
6.309999466
6.319999695
6.329999924
6.340000153
6.350000382
6.36000061
6.369999886
6.379999161
6.38999939
6.399999619
6.409999847
6.420000076
6.430000305
6.440000534
6.449999809
6.459999085
6.469999313
6.479999542
6.489999771
6.5
6.510000229
6.520000458
6.530000687
6.539999962
6.549999237
6.559999466
6.569999695
6.579999924
6.590000153
6.600000382
6.61000061
6.619999886
6.629999161
6.63999939
6.649999619
6.659999847
6.670000076
6.680000305
6.690000534
6.699999809
6.709999085
6.719999313
6.729999542
6.739999771
6.75
6.760000229
6.770000458
6.780000687
6.789999962
6.799999237
6.809999466
6.819999695
6.829999924
6.840000153
6.850000382
6.86000061
6.869999886
6.879999161
6.88999939
6.899999619
6.909999847
6.920000076
6.930000305
6.940000534
6.949999809
6.959999085
6.969999313
6.979999542
6.989999771
7
7.010000229
7.020000458
7.030000687
7.039999962
7.049999237
7.059999466
7.069999695
7.079999924
7.090000153
7.100000382
7.11000061
7.119999886
7.129999161
7.13999939
7.149999619
7.159999847
7.170000076
7.180000305
7.190000534
7.199999809
7.209999085
7.219999313
7.229999542
7.239999771
7.25
7.260000229
7.270000458
7.280000687
7.289999962
7.299999237
7.309999466
7.319999695
7.329999924
7.340000153
7.350000382
7.36000061
7.369999886
7.379999161
7.38999939
7.399999619
7.409999847
7.420000076
7.430000305
7.440000534
7.449999809
7.459999085
7.469999313
7.479999542
7.489999771
7.5
7.510000229
7.520000458
7.530000687
7.539999962
7.549999237
7.559999466
7.569999695
7.579999924
7.590000153
7.600000382
7.61000061
7.619999886
7.629999161
7.63999939
7.649999619
7.659999847
7.670000076
7.680000305
7.690000534
7.699999809
7.709999085
7.719999313
7.729999542
7.739999771
7.75
7.760000229
7.770000458
7.780000687
7.789999962
7.799999237
7.809999466
7.819999695
7.829999924
7.840000153
7.850000382
7.86000061
7.869999886
7.879999161
7.88999939
7.899999619
7.909999847
7.920000076
7.930000305
7.940000534
7.949999809
7.959999085
7.969999313
7.979999542
7.989999771
8
8.010000229
8.020000458
8.030000687
8.039999962
8.049999237
8.059999466
8.069999695
8.079999924
8.090000153
8.100000382
8.11000061
8.119999886
8.129999161
8.13999939
8.149999619
8.159999847
8.170000076
8.180000305
8.190000534
8.199999809
8.209999085
8.219999313
8.229999542
8.239999771
8.25
8.260000229
8.270000458
8.280000687
8.289999962
8.299999237
8.309999466
8.319999695
8.329999924
8.340000153
8.350000382
8.36000061
8.369999886
8.379999161
8.38999939
8.399999619
8.409999847
8.420000076
8.430000305
8.440000534
8.449999809
8.459999085
8.469999313
8.479999542
8.489999771
8.5
8.510000229
8.520000458
8.530000687
8.539999962
8.549999237
8.559999466
8.569999695
8.579999924
8.590000153
8.600000382
8.61000061
8.619999886
8.629999161
8.63999939
8.649999619
8.659999847
8.670000076
8.680000305
8.690000534
8.699999809
8.709999085
8.719999313
8.729999542
8.739999771
8.75
8.760000229
8.770000458
8.780000687
8.789999962
8.799999237
8.809999466
8.819999695
8.829999924
8.840000153
8.850000382
8.86000061
8.869999886
8.879999161
8.88999939
8.899999619
8.909999847
8.920000076
8.930000305
8.940000534
8.949999809
8.959999085
8.969999313
8.979999542
8.989999771
9
9.010000229
9.020000458
9.029999733
9.039999962
9.050000191
9.059999466
9.069999695
9.079999924
9.090000153
9.100000382
9.109999657
9.119999886
9.130000114
9.13999939
9.149999619
9.159999847
9.170000076
9.180000305
9.18999958
9.199999809
9.210000038
9.219999313
9.229999542
9.239999771
9.25
9.260000229
9.270000458
9.279999733
9.289999962
9.300000191
9.309999466
9.319999695
9.329999924
9.340000153
9.350000382
9.359999657
9.369999886
9.380000114
9.38999939
9.399999619
9.409999847
9.420000076
9.430000305
9.43999958
9.449999809
9.460000038
9.469999313
9.479999542
9.489999771
9.5
9.510000229
9.520000458
9.529999733
9.539999962
9.550000191
9.559999466
9.569999695
9.579999924
9.590000153
9.600000382
9.609999657
9.619999886
9.630000114
9.63999939
9.649999619
9.659999847
9.670000076
9.680000305
9.68999958
9.699999809
9.710000038
9.719999313
9.729999542
9.739999771
9.75
9.760000229
9.770000458
9.779999733
9.789999962
9.800000191
9.809999466
9.819999695
9.829999924
9.840000153
9.850000382
9.859999657
9.869999886
9.880000114
9.88999939
9.899999619
9.909999847
9.920000076
9.930000305
9.93999958
9.949999809
9.960000038
9.969999313
9.979999542
9.989999771
10
10.01000023
10.02000046
10.02999973
10.03999996
10.05000019
10.05999947
10.0699997
10.07999992
10.09000015
10.10000038
10.10999966
10.11999989
10.13000011
10.13999939
10.14999962
10.15999985
10.17000008
10.18000031
10.18999958
10.19999981
10.21000004
10.21999931
10.22999954
10.23999977
10.25
10.26000023
10.27000046
10.27999973
10.28999996
10.30000019
10.30999947
10.3199997
10.32999992
10.34000015
10.35000038
10.35999966
10.36999989
10.38000011
10.38999939
10.39999962
10.40999985
10.42000008
10.43000031
10.43999958
10.44999981
10.46000004
10.46999931
10.47999954
10.48999977
10.5
10.51000023
10.52000046
10.52999973
10.53999996
10.55000019
10.55999947
10.5699997
10.57999992
10.59000015
10.60000038
10.60999966
10.61999989
10.63000011
10.63999939
10.64999962
10.65999985
10.67000008
10.68000031
10.68999958
10.69999981
10.71000004
10.71999931
10.72999954
10.73999977
10.75
10.76000023
10.77000046
10.77999973
10.78999996
10.80000019
10.80999947
10.8199997
10.82999992
10.84000015
10.85000038
10.85999966
10.86999989
10.88000011
10.88999939
10.89999962
10.90999985
10.92000008
10.93000031
10.93999958
10.94999981
10.96000004
10.96999931
10.97999954
10.98999977
11
11.01000023
11.02000046
11.02999973
11.03999996
11.05000019
11.05999947
11.0699997
11.07999992
11.09000015
11.10000038
11.10999966
11.11999989
11.13000011
11.13999939
11.14999962
11.15999985
11.17000008
11.18000031
11.18999958
11.19999981
11.21000004
11.21999931
11.22999954
11.23999977
11.25
11.26000023
11.27000046
11.27999973
11.28999996
11.30000019
11.30999947
11.3199997
11.32999992
11.34000015
11.35000038
11.35999966
11.36999989
11.38000011
11.38999939
11.39999962
11.40999985
11.42000008
11.43000031
11.43999958
11.44999981
11.46000004
11.46999931
11.47999954
11.48999977
11.5
11.51000023
11.52000046
11.52999973
11.53999996
11.55000019
11.55999947
11.5699997
11.57999992
11.59000015
11.60000038
11.60999966
11.61999989
11.63000011
11.63999939
11.64999962
11.65999985
11.67000008
11.68000031
11.68999958
11.69999981
11.71000004
11.71999931
11.72999954
11.73999977
11.75
11.76000023
11.77000046
11.77999973
11.78999996
11.80000019
11.80999947
11.8199997
11.82999992
11.84000015
11.85000038
11.85999966
11.86999989
11.88000011
11.88999939
11.89999962
11.90999985
11.92000008
11.93000031
11.93999958
11.94999981
11.96000004
11.96999931
11.97999954
11.98999977
12
12.01000023
12.02000046
12.02999973
12.03999996
12.05000019
12.05999947
12.0699997
12.07999992
12.09000015
12.10000038
12.10999966
12.11999989
12.13000011
12.13999939
12.14999962
12.15999985
12.17000008
12.18000031
12.18999958
12.19999981
12.21000004
12.21999931
12.22999954
12.23999977
12.25
12.26000023
12.27000046
12.27999973
12.28999996
12.30000019
12.30999947
12.3199997
12.32999992
12.34000015
12.35000038
12.35999966
12.36999989
12.38000011
12.38999939
12.39999962
12.40999985
12.42000008
12.43000031
12.43999958
12.44999981
12.46000004
12.46999931
12.47999954
12.48999977
12.5
12.51000023
12.52000046
12.52999973
12.53999996
12.55000019
12.55999947
12.5699997
12.57999992
12.59000015
12.60000038
12.60999966
12.61999989
12.63000011
12.63999939
12.64999962
12.65999985
12.67000008
12.68000031
12.68999958
12.69999981
12.71000004
12.71999931
12.72999954
12.73999977
12.75
12.76000023
12.77000046
12.77999973
12.78999996
12.80000019
12.80999947
12.8199997
12.82999992
12.84000015
12.85000038
12.85999966
12.86999989
12.88000011
12.88999939
12.89999962
12.90999985
12.92000008
12.93000031
12.93999958
12.94999981
12.96000004
12.96999931
12.97999954
12.98999977
13
13.01000023
13.02000046
13.02999973
13.03999996
13.05000019
13.05999947
13.0699997
13.07999992
13.09000015
13.10000038
13.10999966
13.11999989
13.13000011
13.13999939
13.14999962
13.15999985
13.17000008
13.18000031
13.18999958
13.19999981
13.21000004
13.21999931
13.22999954
13.23999977
13.25
13.26000023
13.27000046
13.27999973
13.28999996
13.30000019
13.30999947
13.3199997
13.32999992
13.34000015
13.35000038
13.35999966
13.36999989
13.38000011
13.38999939
13.39999962
13.40999985
13.42000008
13.43000031
13.43999958
13.44999981
13.46000004
13.46999931
13.47999954
13.48999977
13.5
13.51000023
13.52000046
13.52999973
13.53999996
13.55000019
13.55999947
13.5699997
13.57999992
13.59000015
13.60000038
13.60999966
13.61999989
13.63000011
13.63999939
13.64999962
13.65999985
13.67000008
13.68000031
13.68999958
13.69999981
13.71000004
13.71999931
13.72999954
13.73999977
13.75
13.76000023
13.77000046
13.77999973
13.78999996
13.80000019
13.80999947
13.8199997
13.82999992
13.84000015
13.85000038
13.85999966
13.86999989
13.88000011
13.88999939
13.89999962
13.90999985
13.92000008
13.93000031
13.93999958
13.94999981
13.96000004
13.96999931
13.97999954
13.98999977
14
14.01000023
14.02000046
14.02999973
14.03999996
14.05000019
14.05999947
14.0699997
14.07999992
14.09000015
14.10000038
14.10999966
14.11999989
14.13000011
14.13999939
14.14999962
14.15999985
14.17000008
14.18000031
14.18999958
14.19999981
14.21000004
14.21999931
14.22999954
14.23999977
14.25
14.26000023
14.27000046
14.27999973
14.28999996
14.30000019
14.30999947
14.3199997
14.32999992
14.34000015
14.35000038
14.35999966
14.36999989
14.38000011
14.38999939
14.39999962
14.40999985
14.42000008
14.43000031
14.43999958
14.44999981
14.46000004
14.46999931
14.47999954
14.48999977
14.5
14.51000023
14.52000046
14.52999973
14.53999996
14.55000019
14.55999947
14.5699997
14.57999992
14.59000015
14.60000038
14.60999966
14.61999989
14.63000011
14.63999939
14.64999962
14.65999985
14.67000008
14.68000031
14.68999958
14.69999981
14.71000004
14.71999931
14.72999954
14.73999977
14.75
14.76000023
14.77000046
14.77999973
14.78999996
14.80000019
14.80999947
14.8199997
14.82999992
14.84000015
14.85000038
14.85999966
14.86999989
14.88000011
14.88999939
14.89999962
14.90999985
14.92000008
14.93000031
14.93999958
14.94999981
14.96000004
14.96999931
14.97999954
14.98999977
15
15.01000023
15.02000046
15.02999973
15.03999996
15.05000019
15.05999947
15.0699997
15.07999992
15.09000015
15.10000038
15.10999966
15.11999989
15.13000011
15.13999939
15.14999962
15.15999985
15.17000008
15.18000031
15.18999958
15.19999981
15.21000004
15.21999931
15.22999954
15.23999977
15.25
15.26000023
15.27000046
15.27999973
15.28999996
15.30000019
15.30999947
15.3199997
15.32999992
15.34000015
15.35000038
15.35999966
15.36999989
15.38000011
15.38999939
15.39999962
15.40999985
15.42000008
15.43000031
15.43999958
15.44999981
15.46000004
15.46999931
15.47999954
15.48999977
15.5
15.51000023
15.52000046
15.52999973
15.53999996
15.55000019
15.55999947
15.5699997
15.57999992
15.59000015
15.60000038
15.60999966
15.61999989
15.63000011
15.63999939
15.64999962
15.65999985
15.67000008
15.68000031
15.68999958
15.69999981
15.71000004
15.71999931
15.72999954
15.73999977
15.75
15.76000023
15.77000046
15.77999973
15.78999996
15.80000019
15.80999947
15.8199997
15.82999992
15.84000015
15.85000038
15.85999966
15.86999989
15.88000011
15.88999939
15.89999962
15.90999985
15.92000008
15.93000031
15.93999958
15.94999981
15.96000004
15.96999931
15.97999954
15.98999977
16
16.01000023
16.02000046
16.02999878
16.04000092
16.04999924
16.05999947
16.0699997
16.07999992
16.09000015
16.10000038
16.11000061
16.11999893
16.13000107
16.13999939
16.14999962
16.15999985
16.17000008
16.18000031
16.18999863
16.20000076
16.20999908
16.21999931
16.22999954
16.23999977
16.25
16.26000023
16.27000046
16.27999878
16.29000092
16.29999924
16.30999947
16.3199997
16.32999992
16.34000015
16.35000038
16.36000061
16.36999893
16.38000107
16.38999939
16.39999962
16.40999985
16.42000008
16.43000031
16.43999863
16.45000076
16.45999908
16.46999931
16.47999954
16.48999977
16.5
16.51000023
16.52000046
16.52999878
16.54000092
16.54999924
16.55999947
16.5699997
16.57999992
16.59000015
16.60000038
16.61000061
16.61999893
16.63000107
16.63999939
16.64999962
16.65999985
16.67000008
16.68000031
16.68999863
16.70000076
16.70999908
16.71999931
16.72999954
16.73999977
16.75
16.76000023
16.77000046
16.77999878
16.79000092
16.79999924
16.80999947
16.8199997
16.82999992
16.84000015
16.85000038
16.86000061
16.86999893
16.88000107
16.88999939
16.89999962
16.90999985
16.92000008
16.93000031
16.93999863
16.95000076
16.95999908
16.96999931
16.97999954
16.98999977
17
17.01000023
17.02000046
17.03000069
17.04000092
17.04999924
17.05999947
17.0699997
17.07999992
17.09000015
17.10000038
17.11000061
17.11999893
17.12999916
17.13999939
17.14999962
17.15999985
17.17000008
17.18000031
17.19000053
17.20000076
17.20999908
17.21999931
17.22999954
17.23999977
17.25
17.26000023
17.27000046
17.28000069
17.29000092
17.29999924
17.30999947
17.3199997
17.32999992
17.34000015
17.35000038
17.36000061
17.36999893
17.37999916
17.38999939
17.39999962
17.40999985
17.42000008
17.43000031
17.44000053
17.45000076
17.45999908
17.46999931
17.47999954
17.48999977
17.5
17.51000023
17.52000046
17.53000069
17.54000092
17.54999924
17.55999947
17.5699997
17.57999992
17.59000015
17.60000038
17.61000061
17.61999893
17.62999916
17.63999939
17.64999962
17.65999985
17.67000008
17.68000031
17.69000053
17.70000076
17.70999908
17.71999931
17.72999954
17.73999977
17.75
17.76000023
17.77000046
17.78000069
17.79000092
17.79999924
17.80999947
17.8199997
17.82999992
17.84000015
17.85000038
17.86000061
17.86999893
17.87999916
17.88999939
17.89999962
17.90999985
17.92000008
17.93000031
17.94000053
17.95000076
17.95999908
17.96999931
17.97999954
17.98999977
18
18.01000023
18.02000046
18.03000069
18.04000092
18.04999924
18.05999947
18.0699997
18.07999992
18.09000015
18.10000038
18.11000061
18.11999893
18.12999916
18.13999939
18.14999962
18.15999985
18.17000008
18.18000031
18.19000053
18.20000076
18.20999908
18.21999931
18.22999954
18.23999977
18.25
18.26000023
18.27000046
18.28000069
18.29000092
18.29999924
18.30999947
18.3199997
18.32999992
18.34000015
18.35000038
18.36000061
18.36999893
18.37999916
18.38999939
18.39999962
18.40999985
18.42000008
18.43000031
18.44000053
18.45000076
18.45999908
18.46999931
18.47999954
18.48999977
18.5
18.51000023
18.52000046
18.53000069
18.54000092
18.54999924
18.55999947
18.5699997
18.57999992
18.59000015
18.60000038
18.61000061
18.61999893
18.62999916
18.63999939
18.64999962
18.65999985
18.67000008
18.68000031
18.69000053
18.70000076
18.70999908
18.71999931
18.72999954
18.73999977
18.75
18.76000023
18.77000046
18.78000069
18.79000092
18.79999924
18.80999947
18.8199997
18.82999992
18.84000015
18.85000038
18.86000061
18.86999893
18.87999916
18.88999939
18.89999962
18.90999985
18.92000008
18.93000031
18.94000053
18.95000076
18.95999908
18.96999931
18.97999954
18.98999977
19
19.01000023
19.02000046
19.03000069
19.04000092
19.04999924
19.05999947
19.0699997
19.07999992
19.09000015
19.10000038
19.11000061
19.11999893
19.12999916
19.13999939
19.14999962
19.15999985
19.17000008
19.18000031
19.19000053
19.20000076
19.20999908
19.21999931
19.22999954
19.23999977
19.25
19.26000023
19.27000046
19.28000069
19.29000092
19.29999924
19.30999947
19.3199997
19.32999992
19.34000015
19.35000038
19.36000061
19.36999893
19.37999916
19.38999939
19.39999962
19.40999985
19.42000008
19.43000031
19.44000053
19.45000076
19.45999908
19.46999931
19.47999954
19.48999977
19.5
19.51000023
19.52000046
19.53000069
19.54000092
19.54999924
19.55999947
19.5699997
19.57999992
19.59000015
19.60000038
19.61000061
19.61999893
19.62999916
19.63999939
19.64999962
19.65999985
19.67000008
19.68000031
19.69000053
19.70000076
19.70999908
19.71999931
19.72999954
19.73999977
19.75
19.76000023
19.77000046
19.78000069
19.79000092
19.79999924
19.80999947
19.8199997
19.82999992
19.84000015
19.85000038
19.86000061
19.86999893
19.87999916
19.88999939
19.89999962
19.90999985
19.92000008
19.93000031
19.94000053
19.95000076
19.95999908
19.96999931
19.97999954
19.98999977
20
20.01000023
20.02000046
20.03000069
20.04000092
20.04999924
20.05999947
20.0699997
20.07999992
20.09000015
20.10000038
20.11000061
20.11999893
20.12999916
20.13999939
20.14999962
20.15999985
20.17000008
20.18000031
20.19000053
20.20000076
20.20999908
20.21999931
20.22999954
20.23999977
20.25
20.26000023
20.27000046
20.28000069
20.29000092
20.29999924
20.30999947
20.3199997
20.32999992
20.34000015
20.35000038
20.36000061
20.36999893
20.37999916
20.38999939
20.39999962
20.40999985
20.42000008
20.43000031
20.44000053
20.45000076
20.45999908
20.46999931
20.47999954
20.48999977
20.5
20.51000023
20.52000046
20.53000069
20.54000092
20.54999924
20.55999947
20.5699997
20.57999992
20.59000015
20.60000038
20.61000061
20.61999893
20.62999916
20.63999939
20.64999962
20.65999985
20.67000008
20.68000031
20.69000053
20.70000076
20.70999908
20.71999931
20.72999954
20.73999977
20.75
20.76000023
20.77000046
20.78000069
20.79000092
20.79999924
20.80999947
20.8199997
20.82999992
20.84000015
20.85000038
20.86000061
20.86999893
20.87999916
20.88999939
20.89999962
20.90999985
20.92000008
20.93000031
20.94000053
20.95000076
20.95999908
20.96999931
20.97999954
20.98999977
21
21.01000023
21.02000046
21.03000069
21.03999901
21.04999924
21.05999947
21.0699997
21.07999992
21.09000015
21.10000038
21.11000061
21.11999893
21.12999916
21.13999939
21.14999962
21.15999985
21.17000008
21.18000031
21.19000053
21.20000076
21.20999908
21.21999931
21.22999954
21.23999977
21.25
21.26000023
21.27000046
21.28000069
21.28999901
21.29999924
21.30999947
21.3199997
21.32999992
21.34000015
21.35000038
21.36000061
21.36999893
21.37999916
21.38999939
21.39999962
21.40999985
21.42000008
21.43000031
21.44000053
21.45000076
21.45999908
21.46999931
21.47999954
21.48999977
21.5
21.51000023
21.52000046
21.53000069
21.53999901
21.54999924
21.55999947
21.5699997
21.57999992
21.59000015
21.60000038
21.61000061
21.61999893
21.62999916
21.63999939
21.64999962
21.65999985
21.67000008
21.68000031
21.69000053
21.70000076
21.70999908
21.71999931
21.72999954
21.73999977
21.75
21.76000023
21.77000046
21.78000069
21.78999901
21.79999924
21.80999947
21.8199997
21.82999992
21.84000015
21.85000038
21.86000061
21.86999893
21.87999916
21.88999939
21.89999962
21.90999985
21.92000008
21.93000031
21.94000053
21.95000076
21.95999908
21.96999931
21.97999954
21.98999977
22
22.01000023
22.02000046
22.03000069
22.03999901
22.04999924
22.05999947
22.0699997
22.07999992
22.09000015
22.10000038
22.11000061
22.11999893
22.12999916
22.13999939
22.14999962
22.15999985
22.17000008
22.18000031
22.19000053
22.20000076
22.20999908
22.21999931
22.22999954
22.23999977
22.25
22.26000023
22.27000046
22.28000069
22.28999901
22.29999924
22.30999947
22.3199997
22.32999992
22.34000015
22.35000038
22.36000061
22.36999893
22.37999916
22.38999939
22.39999962
22.40999985
22.42000008
22.43000031
22.44000053
22.45000076
22.45999908
22.46999931
22.47999954
22.48999977
22.5
22.51000023
22.52000046
22.53000069
22.53999901
22.54999924
22.55999947
22.5699997
22.57999992
22.59000015
22.60000038
22.61000061
22.61999893
22.62999916
22.63999939
22.64999962
22.65999985
22.67000008
22.68000031
22.69000053
22.70000076
22.70999908
22.71999931
22.72999954
22.73999977
22.75
22.76000023
22.77000046
22.78000069
22.78999901
22.79999924
22.80999947
22.8199997
22.82999992
22.84000015
22.85000038
22.86000061
22.86999893
22.87999916
22.88999939
22.89999962
22.90999985
22.92000008
22.93000031
22.94000053
22.95000076
22.95999908
22.96999931
22.97999954
22.98999977
23
23.01000023
23.02000046
23.03000069
23.03999901
23.04999924
23.05999947
23.0699997
23.07999992
23.09000015
23.10000038
23.11000061
23.11999893
23.12999916
23.13999939
23.14999962
23.15999985
23.17000008
23.18000031
23.19000053
23.20000076
23.20999908
23.21999931
23.22999954
23.23999977
23.25
23.26000023
23.27000046
23.28000069
23.28999901
23.29999924
23.30999947
23.3199997
23.32999992
23.34000015
23.35000038
23.36000061
23.36999893
23.37999916
23.38999939
23.39999962
23.40999985
23.42000008
23.43000031
23.44000053
23.45000076
23.45999908
23.46999931
23.47999954
23.48999977
23.5
23.51000023
23.52000046
23.53000069
23.53999901
23.54999924
23.55999947
23.5699997
23.57999992
23.59000015
23.60000038
23.61000061
23.61999893
23.62999916
23.63999939
23.64999962
23.65999985
23.67000008
23.68000031
23.69000053
23.70000076
23.70999908
23.71999931
23.72999954
23.73999977
23.75
23.76000023
23.77000046
23.78000069
23.78999901
23.79999924
23.80999947
23.8199997
23.82999992
23.84000015
23.85000038
23.86000061
23.86999893
23.87999916
23.88999939
23.89999962
23.90999985
23.92000008
23.93000031
23.94000053
23.95000076
23.95999908
23.96999931
23.97999954
23.98999977
24
24.01000023
24.02000046
24.03000069
24.03999901
24.04999924
24.05999947
24.0699997
24.07999992
24.09000015
24.10000038
24.11000061
24.11999893
24.12999916
24.13999939
24.14999962
24.15999985
24.17000008
24.18000031
24.19000053
24.20000076
24.20999908
24.21999931
24.22999954
24.23999977
24.25
24.26000023
24.27000046
24.28000069
24.28999901
24.29999924
24.30999947
24.3199997
24.32999992
24.34000015
24.35000038
24.36000061
24.36999893
24.37999916
24.38999939
24.39999962
24.40999985
24.42000008
24.43000031
24.44000053
24.45000076
24.45999908
24.46999931
24.47999954
24.48999977
24.5
24.51000023
24.52000046
24.53000069
24.53999901
24.54999924
24.55999947
24.5699997
24.57999992
24.59000015
24.60000038
24.61000061
24.61999893
24.62999916
24.63999939
24.64999962
24.65999985
24.67000008
24.68000031
24.69000053
24.70000076
24.70999908
24.71999931
24.72999954
24.73999977
24.75
24.76000023
24.77000046
24.78000069
24.78999901
24.79999924
24.80999947
24.8199997
24.82999992
24.84000015
24.85000038
24.86000061
24.87000084
24.87999916
24.88999939
24.89999962
24.90999985
24.92000008
24.93000031
24.94000053
24.95000076
24.95999908
24.96999931
24.97999954
24.98999977
25
25.01000023
25.02000046
25.03000069
25.03999901
25.04999924
25.05999947
25.0699997
25.07999992
25.09000015
25.10000038
25.11000061
25.11999893
25.12999916
25.13999939
25.14999962
25.15999985
25.17000008
25.18000031
25.19000053
25.20000076
25.20999908
25.21999931
25.22999954
25.23999977
25.25
25.26000023
25.27000046
25.28000069
25.28999901
25.29999924
25.30999947
25.3199997
25.32999992
25.34000015
25.35000038
25.36000061
25.36999893
25.37999916
25.38999939
25.39999962
25.40999985
25.42000008
25.43000031
25.44000053
25.45000076
25.45999908
25.46999931
25.47999954
25.48999977
25.5
25.51000023
25.52000046
25.53000069
25.53999901
25.54999924
25.55999947
25.5699997
25.57999992
25.59000015
25.60000038
25.61000061
25.61999893
25.62999916
25.63999939
25.64999962
25.65999985
25.67000008
25.68000031
25.69000053
25.70000076
25.70999908
25.71999931
25.72999954
25.73999977
25.75
25.76000023
25.77000046
25.78000069
25.78999901
25.79999924
25.80999947
25.8199997
25.82999992
25.84000015
25.85000038
25.86000061
25.86999893
25.87999916
25.88999939
25.89999962
25.90999985
25.92000008
25.93000031
25.94000053
25.95000076
25.95999908
25.96999931
25.97999954
25.98999977
26
26.01000023
26.02000046
26.03000069
26.03999901
26.04999924
26.05999947
26.0699997
26.07999992
26.09000015
26.10000038
26.11000061
26.11999893
26.12999916
26.13999939
26.14999962
26.15999985
26.17000008
26.18000031
26.19000053
26.20000076
26.20999908
26.21999931
26.22999954
26.23999977
26.25
26.26000023
26.27000046
26.28000069
26.28999901
26.29999924
26.30999947
26.3199997
26.32999992
26.34000015
26.35000038
26.36000061
26.36999893
26.37999916
26.38999939
26.39999962
26.40999985
26.42000008
26.43000031
26.44000053
26.45000076
26.45999908
26.46999931
26.47999954
26.48999977
26.5
26.51000023
26.52000046
26.53000069
26.53999901
26.54999924
26.55999947
26.5699997
26.57999992
26.59000015
26.60000038
26.61000061
26.61999893
26.62999916
26.63999939
26.64999962
26.65999985
26.67000008
26.68000031
26.69000053
26.70000076
26.70999908
26.71999931
26.72999954
26.73999977
26.75
26.76000023
26.77000046
26.78000069
26.78999901
26.79999924
26.80999947
26.8199997
26.82999992
26.84000015
26.85000038
26.86000061
26.86999893
26.87999916
26.88999939
26.89999962
26.90999985
26.92000008
26.93000031
26.94000053
26.95000076
26.95999908
26.96999931
26.97999954
26.98999977
27
27.01000023
27.02000046
27.03000069
27.03999901
27.04999924
27.05999947
27.0699997
27.07999992
27.09000015
27.10000038
27.11000061
27.11999893
27.12999916
27.13999939
27.14999962
27.15999985
27.17000008
27.18000031
27.19000053
27.20000076
27.20999908
27.21999931
27.22999954
27.23999977
27.25
27.26000023
27.27000046
27.28000069
27.28999901
27.29999924
27.30999947
27.3199997
27.32999992
27.34000015
27.35000038
27.36000061
27.36999893
27.37999916
27.38999939
27.39999962
27.40999985
27.42000008
27.43000031
27.44000053
27.45000076
27.45999908
27.46999931
27.47999954
27.48999977
27.5
27.51000023
27.52000046
27.53000069
27.53999901
27.54999924
27.55999947
27.5699997
27.57999992
27.59000015
27.60000038
27.61000061
27.61999893
27.62999916
27.63999939
27.64999962
27.65999985
27.67000008
27.68000031
27.69000053
27.70000076
27.70999908
27.71999931
27.72999954
27.73999977
27.75
27.76000023
27.77000046
27.78000069
27.78999901
27.79999924
27.80999947
27.8199997
27.82999992
27.84000015
27.85000038
27.86000061
27.86999893
27.87999916
27.88999939
27.89999962
27.90999985
27.92000008
27.93000031
27.94000053
27.95000076
27.95999908
27.96999931
27.97999954
27.98999977
28
28.01000023
28.02000046
28.03000069
28.03999901
28.04999924
28.05999947
28.0699997
28.07999992
28.09000015
28.10000038
28.11000061
28.11999893
28.12999916
28.13999939
28.14999962
28.15999985
28.17000008
28.18000031
28.19000053
28.20000076
28.20999908
28.21999931
28.22999954
28.23999977
28.25
28.26000023
28.27000046
28.28000069
28.28999901
28.29999924
28.30999947
28.3199997
28.32999992
28.34000015
28.35000038
28.36000061
28.36999893
28.37999916
28.38999939
28.39999962
28.40999985
28.42000008
28.43000031
28.44000053
28.45000076
28.45999908
28.46999931
28.47999954
28.48999977
28.5
28.51000023
28.52000046
28.53000069
28.53999901
28.54999924
28.55999947
28.5699997
28.57999992
28.59000015
28.60000038
28.61000061
28.61999893
28.62999916
28.63999939
28.64999962
28.65999985
28.67000008
28.68000031
28.69000053
28.70000076
28.70999908
28.71999931
28.72999954
28.73999977
28.75
28.76000023
28.77000046
28.78000069
28.78999901
28.79999924
28.80999947
28.8199997
28.82999992
28.84000015
28.85000038
28.86000061
28.86999893
28.87999916
28.88999939
28.89999962
28.90999985
28.92000008
28.93000031
28.94000053
28.95000076
28.95999908
28.96999931
28.97999954
28.98999977
29
29.01000023
29.02000046
29.03000069
29.04000092
29.04999924
29.05999947
29.0699997
29.07999992
29.09000015
29.10000038
29.11000061
29.11999893
29.12999916
29.13999939
29.14999962
29.15999985
29.17000008
29.18000031
29.19000053
29.20000076
29.20999908
29.21999931
29.22999954
29.23999977
29.25
29.26000023
29.27000046
29.28000069
29.29000092
29.29999924
29.30999947
29.3199997
29.32999992
29.34000015
29.35000038
29.36000061
29.36999893
29.37999916
29.38999939
29.39999962
29.40999985
29.42000008
29.43000031
29.44000053
29.45000076
29.45999908
29.46999931
29.47999954
29.48999977
29.5
29.51000023
29.52000046
29.53000069
29.54000092
29.54999924
29.55999947
29.5699997
29.57999992
29.59000015
29.60000038
29.61000061
29.61999893
29.62999916
29.63999939
29.64999962
29.65999985
29.67000008
29.68000031
29.69000053
29.70000076
29.70999908
29.71999931
29.72999954
29.73999977
29.75
29.76000023
29.77000046
29.78000069
29.79000092
29.79999924
29.80999947
29.8199997
29.82999992
29.84000015
29.85000038
29.86000061
29.86999893
29.87999916
29.88999939
29.89999962
29.90999985
29.92000008
29.93000031
29.94000053
29.95000076
29.95999908
29.96999931
29.97999954
29.98999977
30
30.01000023
30.02000046
30.03000069
30.04000092
30.04999924
30.05999947
30.0699997
30.07999992
30.09000015
30.10000038
30.11000061
30.11999893
30.12999916
30.13999939
30.14999962
30.15999985
30.17000008
30.18000031
30.19000053
30.20000076
30.20999908
30.21999931
30.22999954
30.23999977
30.25
30.26000023
30.27000046
30.28000069
30.29000092
30.29999924
30.30999947
30.3199997
30.32999992
30.34000015
30.35000038
30.36000061
30.36999893
30.37999916
30.38999939
30.39999962
30.40999985
30.42000008
30.43000031
30.44000053
30.45000076
30.45999908
30.46999931
30.47999954
30.48999977
30.5
30.51000023
30.52000046
30.53000069
30.54000092
30.54999924
30.55999947
30.5699997
30.57999992
30.59000015
30.60000038
30.61000061
30.61999893
30.62999916
30.63999939
30.64999962
30.65999985
30.67000008
30.68000031
30.69000053
30.70000076
30.70999908
30.71999931
30.72999954
30.73999977
30.75
30.76000023
30.77000046
30.78000069
30.79000092
30.79999924
30.80999947
30.8199997
30.82999992
30.84000015
30.85000038
30.86000061
30.86999893
30.87999916
30.88999939
30.89999962
30.90999985
30.92000008
30.93000031
30.94000053
30.95000076
30.95999908
30.96999931
30.97999954
30.98999977
31
31.01000023
31.02000046
31.03000069
31.04000092
31.04999924
31.05999947
31.0699997
31.07999992
31.09000015
31.10000038
31.11000061
31.11999893
31.12999916
31.13999939
31.14999962
31.15999985
31.17000008
31.18000031
31.19000053
31.20000076
31.20999908
31.21999931
31.22999954
31.23999977
31.25
31.26000023
31.27000046
31.28000069
31.29000092
31.29999924
31.30999947
31.3199997
31.32999992
31.34000015
31.35000038
31.36000061
31.36999893
31.37999916
31.38999939
31.39999962
31.40999985
31.42000008
31.43000031
31.44000053
31.45000076
31.45999908
31.46999931
31.47999954
31.48999977
31.5
31.51000023
31.52000046
31.53000069
31.54000092
31.54999924
31.55999947
31.5699997
31.57999992
31.59000015
31.60000038
31.61000061
31.61999893
31.62999916
31.63999939
31.64999962
31.65999985
31.67000008
31.68000031
31.69000053
31.70000076
31.70999908
31.71999931
31.72999954
31.73999977
31.75
31.76000023
31.77000046
31.78000069
31.79000092
31.79999924
31.80999947
31.8199997
31.82999992
31.84000015
31.85000038
31.86000061
31.86999893
31.87999916
31.88999939
31.89999962
31.90999985
31.92000008
31.93000031
31.94000053
31.95000076
31.95999908
31.96999931
31.97999954
31.98999977
32
32.00999832
32.02000046
32.02999878
32.04000092
32.04999924
32.06000137
32.0699997
32.08000183
32.09000015
32.09999847
32.11000061
32.11999893
32.13000107
32.13999939
32.15000153
32.15999985
32.16999817
32.18000031
32.18999863
32.20000076
32.20999908
32.22000122
32.22999954
32.23999786
32.25
32.25999832
32.27000046
32.27999878
32.29000092
32.29999924
32.31000137
32.3199997
32.33000183
32.34000015
32.34999847
32.36000061
32.36999893
32.38000107
32.38999939
32.40000153
32.40999985
32.41999817
32.43000031
32.43999863
32.45000076
32.45999908
32.47000122
32.47999954
32.48999786
32.5
32.50999832
32.52000046
32.52999878
32.54000092
32.54999924
32.56000137
32.5699997
32.58000183
32.59000015
32.59999847
32.61000061
32.61999893
32.63000107
32.63999939
32.65000153
32.65999985
32.66999817
32.68000031
32.68999863
32.70000076
32.70999908
32.72000122
32.72999954
32.73999786
32.75
32.75999832
32.77000046
32.77999878
32.79000092
32.79999924
32.81000137
32.8199997
32.83000183
32.84000015
32.84999847
32.86000061
32.86999893
32.88000107
32.88999939
32.90000153
32.90999985
32.91999817
32.93000031
32.93999863
32.95000076
32.95999908
32.97000122
32.97999954
32.98999786
33
33.01000214
33.02000046
33.02999878
33.04000092
33.04999924
33.06000137
33.0699997
33.08000183
33.09000015
33.09999847
33.11000061
33.11999893
33.13000107
33.13999939
33.15000153
33.15999985
33.16999817
33.18000031
33.18999863
33.20000076
33.20999908
33.22000122
33.22999954
33.23999786
33.25
33.26000214
33.27000046
33.27999878
33.29000092
33.29999924
33.31000137
33.3199997
33.33000183
33.34000015
33.34999847
33.36000061
33.36999893
33.38000107
33.38999939
33.40000153
33.40999985
33.41999817
33.43000031
33.43999863
33.45000076
33.45999908
33.47000122
33.47999954
33.48999786
33.5
33.51000214
33.52000046
33.52999878
33.54000092
33.54999924
33.56000137
33.5699997
33.58000183
33.59000015
33.59999847
33.61000061
33.61999893
33.63000107
33.63999939
33.65000153
33.65999985
33.66999817
33.68000031
33.68999863
33.70000076
33.70999908
33.72000122
33.72999954
33.73999786
33.75
33.76000214
33.77000046
33.77999878
33.79000092
33.79999924
33.81000137
33.8199997
33.83000183
33.84000015
33.84999847
33.86000061
33.86999893
33.88000107
33.88999939
33.90000153
33.90999985
33.91999817
33.93000031
33.93999863
33.95000076
33.95999908
33.97000122
33.97999954
33.98999786
34
34.01000214
34.02000046
34.02999878
34.04000092
34.04999924
34.06000137
34.0699997
34.08000183
34.09000015
34.09999847
34.11000061
34.11999893
34.13000107
34.13999939
34.15000153
34.15999985
34.16999817
34.18000031
34.18999863
34.20000076
34.20999908
34.22000122
34.22999954
34.23999786
34.25
34.26000214
34.27000046
34.27999878
34.29000092
34.29999924
34.31000137
34.3199997
34.33000183
34.34000015
34.34999847
34.36000061
34.36999893
34.38000107
34.38999939
34.40000153
34.40999985
34.41999817
34.43000031
34.43999863
34.45000076
34.45999908
34.47000122
34.47999954
34.48999786
34.5
34.51000214
34.52000046
34.52999878
34.54000092
34.54999924
34.56000137
34.5699997
34.58000183
34.59000015
34.59999847
34.61000061
34.61999893
34.63000107
34.63999939
34.65000153
34.65999985
34.66999817
34.68000031
34.68999863
34.70000076
34.70999908
34.72000122
34.72999954
34.73999786
34.75
34.76000214
34.77000046
34.77999878
34.79000092
34.79999924
34.81000137
34.8199997
34.83000183
34.84000015
34.84999847
34.86000061
34.86999893
34.88000107
34.88999939
34.90000153
34.90999985
34.91999817
34.93000031
34.93999863
34.95000076
34.95999908
34.97000122
34.97999954
34.98999786
35
35.01000214
35.02000046
35.02999878
35.04000092
35.04999924
35.06000137
35.0699997
35.08000183
35.09000015
35.09999847
35.11000061
35.11999893
35.13000107
35.13999939
35.15000153
35.15999985
35.16999817
35.18000031
35.18999863
35.20000076
35.20999908
35.22000122
35.22999954
35.23999786
35.25
35.26000214
35.27000046
35.27999878
35.29000092
35.29999924
35.31000137
35.3199997
35.33000183
35.34000015
35.34999847
35.36000061
35.36999893
35.38000107
35.38999939
35.40000153
35.40999985
35.41999817
35.43000031
35.43999863
35.45000076
35.45999908
35.47000122
35.47999954
35.48999786
35.5
35.51000214
35.52000046
35.52999878
35.54000092
35.54999924
35.56000137
35.5699997
35.58000183
35.59000015
35.59999847
35.61000061
35.61999893
35.63000107
35.63999939
35.65000153
35.65999985
35.66999817
35.68000031
35.68999863
35.70000076
35.70999908
35.72000122
35.72999954
35.73999786
35.75
35.76000214
35.77000046
35.77999878
35.79000092
35.79999924
35.81000137
35.8199997
35.83000183
35.84000015
35.84999847
35.86000061
35.86999893
35.88000107
35.88999939
35.90000153
35.90999985
35.91999817
35.93000031
35.93999863
35.95000076
35.95999908
35.97000122
35.97999954
35.98999786
36
36.01000214
36.02000046
36.02999878
36.04000092
36.04999924
36.06000137
36.0699997
36.08000183
36.09000015
36.09999847
36.11000061
36.11999893
36.13000107
36.13999939
36.15000153
36.15999985
36.16999817
36.18000031
36.18999863
36.20000076
36.20999908
36.22000122
36.22999954
36.23999786
36.25
36.26000214
36.27000046
36.27999878
36.29000092
36.29999924
36.31000137
36.3199997
36.33000183
36.34000015
36.34999847
36.36000061
36.36999893
36.38000107
36.38999939
36.40000153
36.40999985
36.41999817
36.43000031
36.43999863
36.45000076
36.45999908
36.47000122
36.47999954
36.48999786
36.5
36.51000214
36.52000046
36.52999878
36.54000092
36.54999924
36.56000137
36.5699997
36.58000183
36.59000015
36.59999847
36.61000061
36.61999893
36.63000107
36.63999939
36.65000153
36.65999985
36.66999817
36.68000031
36.68999863
36.70000076
36.70999908
36.72000122
36.72999954
36.73999786
36.75
36.76000214
36.77000046
36.77999878
36.79000092
36.79999924
36.81000137
36.8199997
36.83000183
36.84000015
36.84999847
36.86000061
36.86999893
36.88000107
36.88999939
36.90000153
36.90999985
36.91999817
36.93000031
36.93999863
36.95000076
36.95999908
36.97000122
36.97999954
36.98999786
37
37.01000214
37.02000046
37.02999878
37.04000092
37.04999924
37.06000137
37.0699997
37.08000183
37.09000015
37.09999847
37.11000061
37.11999893
37.13000107
37.13999939
37.15000153
37.15999985
37.16999817
37.18000031
37.18999863
37.20000076
37.20999908
37.22000122
37.22999954
37.23999786
37.25
37.26000214
37.27000046
37.27999878
37.29000092
37.29999924
37.31000137
37.3199997
37.33000183
37.34000015
37.34999847
37.36000061
37.36999893
37.38000107
37.38999939
37.40000153
37.40999985
37.41999817
37.43000031
37.43999863
37.45000076
37.45999908
37.47000122
37.47999954
37.48999786
37.5
37.51000214
37.52000046
37.52999878
37.54000092
37.54999924
37.56000137
37.5699997
37.58000183
37.59000015
37.59999847
37.61000061
37.61999893
37.63000107
37.63999939
37.65000153
37.65999985
37.66999817
37.68000031
37.68999863
37.70000076
37.70999908
37.72000122
37.72999954
37.73999786
37.75
37.76000214
37.77000046
37.77999878
37.79000092
37.79999924
37.81000137
37.8199997
37.83000183
37.84000015
37.84999847
37.86000061
37.86999893
37.88000107
37.88999939
37.90000153
37.90999985
37.91999817
37.93000031
37.93999863
37.95000076
37.95999908
37.97000122
37.97999954
37.98999786
38
38.01000214
38.02000046
38.02999878
38.04000092
38.04999924
38.06000137
38.0699997
38.08000183
38.09000015
38.09999847
38.11000061
38.11999893
38.13000107
38.13999939
38.15000153
38.15999985
38.16999817
38.18000031
38.18999863
38.20000076
38.20999908
38.22000122
38.22999954
38.23999786
38.25
38.26000214
38.27000046
38.27999878
38.29000092
38.29999924
38.31000137
38.3199997
38.33000183
38.34000015
38.34999847
38.36000061
38.36999893
38.38000107
38.38999939
38.40000153
38.40999985
38.41999817
38.43000031
38.43999863
38.45000076
38.45999908
38.47000122
38.47999954
38.48999786
38.5
38.51000214
38.52000046
38.52999878
38.54000092
38.54999924
38.56000137
38.5699997
38.58000183
38.59000015
38.59999847
38.61000061
38.61999893
38.63000107
38.63999939
38.65000153
38.65999985
38.66999817
38.68000031
38.68999863
38.70000076
38.70999908
38.72000122
38.72999954
38.73999786
38.75
38.76000214
38.77000046
38.77999878
38.79000092
38.79999924
38.81000137
38.8199997
38.83000183
38.84000015
38.84999847
38.86000061
38.86999893
38.88000107
38.88999939
38.90000153
38.90999985
38.91999817
38.93000031
38.93999863
38.95000076
38.95999908
38.97000122
38.97999954
38.98999786
39
39.01000214
39.02000046
39.02999878
39.04000092
39.04999924
39.06000137
39.0699997
39.08000183
39.09000015
39.09999847
39.11000061
39.11999893
39.13000107
39.13999939
39.15000153
39.15999985
39.16999817
39.18000031
39.18999863
39.20000076
39.20999908
39.22000122
39.22999954
39.23999786
39.25
39.26000214
39.27000046
39.27999878
39.29000092
39.29999924
39.31000137
39.3199997
39.33000183
39.34000015
39.34999847
39.36000061
39.36999893
39.38000107
39.38999939
39.40000153
39.40999985
39.41999817
39.43000031
39.43999863
39.45000076
39.45999908
39.47000122
39.47999954
39.48999786
39.5
39.51000214
39.52000046
39.52999878
39.54000092
39.54999924
39.56000137
39.5699997
39.58000183
39.59000015
39.59999847
39.61000061
39.61999893
39.63000107
39.63999939
39.65000153
39.65999985
39.66999817
39.68000031
39.68999863
39.70000076
39.70999908
39.72000122
39.72999954
39.73999786
39.75
39.76000214
39.77000046
39.77999878
39.79000092
39.79999924
39.81000137
39.8199997
39.83000183
39.84000015
39.84999847
39.86000061
39.86999893
39.88000107
39.88999939
39.90000153
39.90999985
39.91999817
39.93000031
39.93999863
39.95000076
39.95999908
39.97000122
39.97999954
39.98999786
40
40.01000214
40.02000046
40.02999878
40.04000092
40.04999924
40.06000137
40.0699997
40.08000183
40.09000015
40.09999847
40.11000061
40.11999893
40.13000107
40.13999939
40.15000153
40.15999985
40.16999817
40.18000031
40.18999863
40.20000076
40.20999908
40.22000122
40.22999954
40.23999786
40.25
40.26000214
40.27000046
40.27999878
40.29000092
40.29999924
40.31000137
40.3199997
40.33000183
40.34000015
40.34999847
40.36000061
40.36999893
40.38000107
40.38999939
40.40000153
40.40999985
40.41999817
40.43000031
40.43999863
40.45000076
40.45999908
40.47000122
40.47999954
40.48999786
40.5
40.51000214
40.52000046
40.52999878
40.54000092
40.54999924
40.56000137
40.5699997
40.58000183
40.59000015
40.59999847
40.61000061
40.61999893
40.63000107
40.63999939
40.65000153
40.65999985
40.66999817
40.68000031
40.68999863
40.70000076
40.70999908
40.72000122
40.72999954
40.73999786
40.75
40.76000214
40.77000046
40.77999878
40.79000092
40.79999924
40.81000137
40.8199997
40.83000183
40.84000015
40.84999847
40.86000061
40.86999893
40.88000107
40.88999939
40.90000153
40.90999985
40.91999817
40.93000031
40.93999863
40.95000076
40.95999908
40.97000122
40.97999954
40.98999786
41
41.01000214
41.02000046
41.02999878
41.04000092
41.04999924
41.05999756
41.0699997
41.08000183
41.09000015
41.09999847
41.11000061
41.11999893
41.12999725
41.13999939
41.15000153
41.15999985
41.16999817
41.18000031
41.19000244
41.20000076
41.20999908
41.22000122
41.22999954
41.23999786
41.25
41.26000214
41.27000046
41.27999878
41.29000092
41.29999924
41.30999756
41.3199997
41.33000183
41.34000015
41.34999847
41.36000061
41.36999893
41.37999725
41.38999939
41.40000153
41.40999985
41.41999817
41.43000031
41.44000244
41.45000076
41.45999908
41.47000122
41.47999954
41.48999786
41.5
41.51000214
41.52000046
41.52999878
41.54000092
41.54999924
41.55999756
41.5699997
41.58000183
41.59000015
41.59999847
41.61000061
41.61999893
41.62999725
41.63999939
41.65000153
41.65999985
41.66999817
41.68000031
41.69000244
41.70000076
41.70999908
41.72000122
41.72999954
41.73999786
41.75
41.76000214
41.77000046
41.77999878
41.79000092
41.79999924
41.80999756
41.8199997
41.83000183
41.84000015
41.84999847
41.86000061
41.86999893
41.87999725
41.88999939
41.90000153
41.90999985
41.91999817
41.93000031
41.94000244
41.95000076
41.95999908
41.97000122
41.97999954
41.98999786
42
42.01000214
42.02000046
42.02999878
42.04000092
42.04999924
42.05999756
42.0699997
42.08000183
42.09000015
42.09999847
42.11000061
42.11999893
42.12999725
42.13999939
42.15000153
42.15999985
42.16999817
42.18000031
42.19000244
42.20000076
42.20999908
42.22000122
42.22999954
42.23999786
42.25
42.26000214
42.27000046
42.27999878
42.29000092
42.29999924
42.30999756
42.3199997
42.33000183
42.34000015
42.34999847
42.36000061
42.36999893
42.37999725
42.38999939
42.40000153
42.40999985
42.41999817
42.43000031
42.44000244
42.45000076
42.45999908
42.47000122
42.47999954
42.48999786
42.5
42.51000214
42.52000046
42.52999878
42.54000092
42.54999924
42.55999756
42.5699997
42.58000183
42.59000015
42.59999847
42.61000061
42.61999893
42.62999725
42.63999939
42.65000153
42.65999985
42.66999817
42.68000031
42.69000244
42.70000076
42.70999908
42.72000122
42.72999954
42.73999786
42.75
42.76000214
42.77000046
42.77999878
42.79000092
42.79999924
42.80999756
42.8199997
42.83000183
42.84000015
42.84999847
42.86000061
42.86999893
42.87999725
42.88999939
42.90000153
42.90999985
42.91999817
42.93000031
42.94000244
42.95000076
42.95999908
42.97000122
42.97999954
42.98999786
43
43.01000214
43.02000046
43.02999878
43.04000092
43.04999924
43.05999756
43.0699997
43.08000183
43.09000015
43.09999847
43.11000061
43.11999893
43.12999725
43.13999939
43.15000153
43.15999985
43.16999817
43.18000031
43.19000244
43.20000076
43.20999908
43.22000122
43.22999954
43.23999786
43.25
43.26000214
43.27000046
43.27999878
43.29000092
43.29999924
43.30999756
43.3199997
43.33000183
43.34000015
43.34999847
43.36000061
43.36999893
43.37999725
43.38999939
43.40000153
43.40999985
43.41999817
43.43000031
43.44000244
43.45000076
43.45999908
43.47000122
43.47999954
43.48999786
43.5
43.51000214
43.52000046
43.52999878
43.54000092
43.54999924
43.55999756
43.5699997
43.58000183
43.59000015
43.59999847
43.61000061
43.61999893
43.62999725
43.63999939
43.65000153
43.65999985
43.66999817
43.68000031
43.69000244
43.70000076
43.70999908
43.72000122
43.72999954
43.73999786
43.75
43.76000214
43.77000046
43.77999878
43.79000092
43.79999924
43.80999756
43.8199997
43.83000183
43.84000015
43.84999847
43.86000061
43.86999893
43.87999725
43.88999939
43.90000153
43.90999985
43.91999817
43.93000031
43.94000244
43.95000076
43.95999908
43.97000122
43.97999954
43.98999786
44
44.01000214
44.02000046
44.02999878
44.04000092
44.04999924
44.05999756
44.0699997
44.08000183
44.09000015
44.09999847
44.11000061
44.11999893
44.12999725
44.13999939
44.15000153
44.15999985
44.16999817
44.18000031
44.19000244
44.20000076
44.20999908
44.22000122
44.22999954
44.23999786
44.25
44.26000214
44.27000046
44.27999878
44.29000092
44.29999924
44.30999756
44.3199997
44.33000183
44.34000015
44.34999847
44.36000061
44.36999893
44.37999725
44.38999939
44.40000153
44.40999985
44.41999817
44.43000031
44.44000244
44.45000076
44.45999908
44.47000122
44.47999954
44.48999786
44.5
44.51000214
44.52000046
44.52999878
44.54000092
44.54999924
44.55999756
44.5699997
44.58000183
44.59000015
44.59999847
44.61000061
44.61999893
44.62999725
44.63999939
44.65000153
44.65999985
44.66999817
44.68000031
44.69000244
44.70000076
44.70999908
44.72000122
44.72999954
44.73999786
44.75
44.76000214
44.77000046
44.77999878
44.79000092
44.79999924
44.80999756
44.8199997
44.83000183
44.84000015
44.84999847
44.86000061
44.86999893
44.87999725
44.88999939
44.90000153
44.90999985
44.91999817
44.93000031
44.94000244
44.95000076
44.95999908
44.97000122
44.97999954
44.98999786
45
45.01000214
45.02000046
45.02999878
45.04000092
45.04999924
45.05999756
45.0699997
45.08000183
45.09000015
45.09999847
45.11000061
45.11999893
45.12999725
45.13999939
45.15000153
45.15999985
45.16999817
45.18000031
45.19000244
45.20000076
45.20999908
45.22000122
45.22999954
45.23999786
45.25
45.26000214
45.27000046
45.27999878
45.29000092
45.29999924
45.30999756
45.3199997
45.33000183
45.34000015
45.34999847
45.36000061
45.36999893
45.37999725
45.38999939
45.40000153
45.40999985
45.41999817
45.43000031
45.44000244
45.45000076
45.45999908
45.47000122
45.47999954
45.48999786
45.5
45.51000214
45.52000046
45.52999878
45.54000092
45.54999924
45.55999756
45.5699997
45.58000183
45.59000015
45.59999847
45.61000061
45.61999893
45.62999725
45.63999939
45.65000153
45.65999985
45.66999817
45.68000031
45.69000244
45.70000076
45.70999908
45.72000122
45.72999954
45.73999786
45.75
45.76000214
45.77000046
45.77999878
45.79000092
45.79999924
45.80999756
45.8199997
45.83000183
45.84000015
45.84999847
45.86000061
45.86999893
45.87999725
45.88999939
45.90000153
45.90999985
45.91999817
45.93000031
45.94000244
45.95000076
45.95999908
45.97000122
45.97999954
45.98999786
46
46.01000214
46.02000046
46.02999878
46.04000092
46.04999924
46.05999756
46.0699997
46.08000183
46.09000015
46.09999847
46.11000061
46.11999893
46.12999725
46.13999939
46.15000153
46.15999985
46.16999817
46.18000031
46.19000244
46.20000076
46.20999908
46.22000122
46.22999954
46.23999786
46.25
46.26000214
46.27000046
46.27999878
46.29000092
46.29999924
46.30999756
46.3199997
46.33000183
46.34000015
46.34999847
46.36000061
46.36999893
46.37999725
46.38999939
46.40000153
46.40999985
46.41999817
46.43000031
46.44000244
46.45000076
46.45999908
46.47000122
46.47999954
46.48999786
46.5
46.51000214
46.52000046
46.52999878
46.54000092
46.54999924
46.55999756
46.5699997
46.58000183
46.59000015
46.59999847
46.61000061
46.61999893
46.62999725
46.63999939
46.65000153
46.65999985
46.66999817
46.68000031
46.69000244
46.70000076
46.70999908
46.72000122
46.72999954
46.73999786
46.75
46.76000214
46.77000046
46.77999878
46.79000092
46.79999924
46.80999756
46.8199997
46.83000183
46.84000015
46.84999847
46.86000061
46.86999893
46.87999725
46.88999939
46.90000153
46.90999985
46.91999817
46.93000031
46.94000244
46.95000076
46.95999908
46.97000122
46.97999954
46.98999786
47
47.01000214
47.02000046
47.02999878
47.04000092
47.04999924
47.05999756
47.0699997
47.08000183
47.09000015
47.09999847
47.11000061
47.11999893
47.12999725
47.13999939
47.15000153
47.15999985
47.16999817
47.18000031
47.19000244
47.20000076
47.20999908
47.22000122
47.22999954
47.23999786
47.25
47.26000214
47.27000046
47.27999878
47.29000092
47.29999924
47.30999756
47.3199997
47.33000183
47.34000015
47.34999847
47.36000061
47.36999893
47.37999725
47.38999939
47.40000153
47.40999985
47.41999817
47.43000031
47.44000244
47.45000076
47.45999908
47.47000122
47.47999954
47.48999786
47.5
47.51000214
47.52000046
47.52999878
47.54000092
47.54999924
47.55999756
47.5699997
47.58000183
47.59000015
47.59999847
47.61000061
47.61999893
47.62999725
47.63999939
47.65000153
47.65999985
47.66999817
47.68000031
47.69000244
47.70000076
47.70999908
47.72000122
47.72999954
47.73999786
47.75
47.76000214
47.77000046
47.77999878
47.79000092
47.79999924
47.80999756
47.8199997
47.83000183
47.84000015
47.84999847
47.86000061
47.86999893
47.87999725
47.88999939
47.90000153
47.90999985
47.91999817
47.93000031
47.94000244
47.95000076
47.95999908
47.97000122
47.97999954
47.98999786
48
48.01000214
48.02000046
48.02999878
48.04000092
48.04999924
48.05999756
48.0699997
48.08000183
48.09000015
48.09999847
48.11000061
48.11999893
48.12999725
48.13999939
48.15000153
48.15999985
48.16999817
48.18000031
48.19000244
48.20000076
48.20999908
48.22000122
48.22999954
48.23999786
48.25
48.26000214
48.27000046
48.27999878
48.29000092
48.29999924
48.30999756
48.3199997
48.33000183
48.34000015
48.34999847
48.36000061
48.36999893
48.37999725
48.38999939
48.40000153
48.40999985
48.41999817
48.43000031
48.44000244
48.45000076
48.45999908
48.47000122
48.47999954
48.48999786
48.5
48.51000214
48.52000046
48.52999878
48.54000092
48.54999924
48.55999756
48.5699997
48.58000183
48.59000015
48.59999847
48.61000061
48.61999893
48.62999725
48.63999939
48.65000153
48.65999985
48.66999817
48.68000031
48.69000244
48.70000076
48.70999908
48.72000122
48.72999954
48.73999786
48.75
48.76000214
48.77000046
48.77999878
48.79000092
48.79999924
48.80999756
48.8199997
48.83000183
48.84000015
48.84999847
48.86000061
48.86999893
48.87999725
48.88999939
48.90000153
48.90999985
48.91999817
48.93000031
48.94000244
48.95000076
48.95999908
48.97000122
48.97999954
48.98999786
49
49.01000214
49.02000046
49.02999878
49.04000092
49.04999924
49.05999756
49.0699997
49.08000183
49.09000015
49.09999847
49.11000061
49.11999893
49.12999725
49.13999939
49.15000153
49.15999985
49.16999817
49.18000031
49.19000244
49.20000076
49.20999908
49.22000122
49.22999954
49.23999786
49.25
49.26000214
49.27000046
49.27999878
49.29000092
49.29999924
49.30999756
49.3199997
49.33000183
49.34000015
49.34999847
49.36000061
49.36999893
49.37999725
49.38999939
49.40000153
49.40999985
49.41999817
49.43000031
49.44000244
49.45000076
49.45999908
49.47000122
49.47999954
49.48999786
49.5
49.51000214
49.52000046
49.52999878
49.54000092
49.54999924
49.55999756
49.5699997
49.58000183
49.59000015
49.59999847
49.61000061
49.61999893
49.62999725
49.63999939
49.65000153
49.65999985
49.66999817
49.68000031
49.69000244
49.70000076
49.70999908
49.72000122
49.72999954
49.73999786
49.75
49.76000214
49.77000046
49.77999878
49.79000092
49.79999924
49.80999756
49.8199997
49.83000183
49.84000015
49.84999847
49.86000061
49.86999893
49.87999725
49.88999939
49.90000153
49.90999985
49.91999817
49.93000031
49.94000244
49.95000076
49.95999908
49.97000122
49.97999954
49.98999786
