0
2.667236328
5.334411621
8.001586914
10.66876221
13.3359375
16.00317383
18.67034912
21.33752441
24.00476074
26.67193604
29.33911133
32.00628662
34.67346191
37.34069824
40.00787354
42.67504883
45.34222412
48.00939941
50.67663574
53.34381104
56.01098633
58.67822266
61.34539795
64.01257324
66.67974854
69.34692383
72.01416016
74.68133545
77.34851074
80.01574707
82.68292236
85.35009766
88.01727295
90.68444824
93.35168457
96.01885986
98.68603516
101.3532715
104.0204468
106.6876221
109.3547974
112.0219727
114.689209
117.3563843
120.0235596
122.6907349
125.3579102
128.0251465
130.6923218
133.3594971
136.0267334
138.6939087
141.361084
144.0282593
146.6954346
149.3626709
152.0298462
154.6970215
157.3642578
160.0314331
162.6986084
165.3657837
168.032959
170.7001953
173.3673706
176.0345459
178.7017822
181.3689575
184.0361328
186.7033081
189.3704834
192.0377197
194.704895
197.3720703
200.0392456
202.7064209
205.3736572
208.0408325
210.7080078
213.3752441
216.0424194
218.7095947
221.37677
224.0439453
226.7111816
229.3783569
232.0455322
234.7127686
237.3799439
240.0471191
242.7142944
245.3814697
248.0487061
250.7158814
253.3830566
256.050293
258.7174683
261.3846436
264.0518189
266.7189941
269.3862305
272.0534058
274.7205811
277.3877564
280.0549316
282.722168
285.3893433
288.0565186
290.7237549
293.3909302
296.0581055
298.7252808
301.3924561
304.0596924
306.7268677
309.394043
312.0612793
314.7284546
317.3956299
320.0628052
322.7299805
325.3972168
328.0643921
330.7315674
333.3987427
336.065918
338.7331543
341.4003601
344.0675354
346.7347107
349.401886
352.0690918
354.7362976
357.4034729
360.0706482
362.737854
365.4050598
368.0722351
370.7394104
373.4066162
376.073822
378.7409973
381.4081726
384.0753784
386.7425842
389.4097595
392.0769348
394.7441406
397.4113464
400.0785217
402.745697
405.4128723
408.0800781
410.7472839
413.4144592
416.0816345
418.7488403
421.4160461
424.0832214
426.7503967
429.4176025
432.0848084
434.7519836
437.4191589
440.0863648
442.7535706
445.4207459
448.0879211
450.755127
453.4223328
456.0895081
458.7566834
461.4238892
464.091095
466.7582703
469.4254456
472.0926514
474.7598572
477.4270325
480.0942078
482.7613831
485.4285889
488.0957947
490.76297
493.4301453
496.0973511
498.7645569
501.4317322
504.0989075
506.7661133
509.4333191
512.1004639
514.7677002
517.4348755
520.1020508
522.7692871
525.4364014
528.1036377
530.770874
533.4379883
536.1052246
538.7723999
541.4395752
544.1068115
546.7739258
549.4411621
552.1083984
554.7755127
557.442749
560.1098633
562.7770996
565.4443359
568.1114502
570.7786865
573.4458618
576.1130371
578.7802734
581.4473877
584.114624
586.7818604
589.4489746
592.1162109
594.7833862
597.4505615
600.1177979
602.7849121
605.4521484
608.1193848
610.786499
613.4537354
616.1209106
618.7880859
621.4553223
624.1224365
626.7896729
629.4568481
632.1240234
634.7912598
637.458374
640.1256104
642.7928467
645.4599609
648.1271973
650.7943726
653.4615479
656.1287842
658.7958984
661.4631348
664.1303711
666.7974854
669.4647217
672.131897
674.7990723
677.4663086
680.1334229
682.8006592
685.4678345
688.1350098
690.8022461
693.4694214
696.1365967
698.803833
701.4709473
704.1381836
706.8053589
709.4725342
712.1397705
714.8068848
717.4741211
720.1413574
722.8085327
725.475708
728.1428833
730.8100586
733.4772949
736.1444092
738.8116455
741.4788818
744.1459961
746.8132324
749.4804077
752.147644
754.8148193
757.4819946
760.1491699
762.8164063
765.4835205
768.1506958
770.8179321
773.4851074
776.1523438
778.819458
781.4866943
784.1538696
786.821106
789.4882813
792.1554565
794.8226318
797.4898071
800.1569824
802.8241577
805.491394
808.1585693
810.8258057
813.4929199
816.1601563
818.8273926
821.4945679
824.1617432
826.8289185
829.4960938
832.163269
834.8305054
837.4976807
840.164917
842.8320313
845.4992676
848.1663818
850.8336182
853.5008545
856.1679688
858.8352051
861.5023804
864.1695557
866.836731
869.5039673
872.1711426
874.8383179
877.5054932
880.1727295
882.8399048
885.5070801
888.1743164
890.8414917
893.508667
896.1758423
898.8430786
901.5102539
904.1774292
906.8446045
909.5117798
912.1790161
914.8461914
917.5133667
920.180542
922.8477783
925.5149536
928.1821289
930.8493042
933.5165405
936.1837158
938.8508911
941.5180664
944.1852417
946.852478
949.5196533
952.1868286
954.8540039
957.5212402
960.1884155
962.8555908
965.5228272
968.1900024
970.8571777
973.524353
976.1915283
978.8587647
981.5259399
984.1931152
986.8603516
989.5275269
992.1947022
994.8618774
997.5290527
1000.196289
1002.863464
1005.53064
1008.197815
1010.86499
1013.532227
1016.199402
1018.866577
1021.533814
1024.200928
1026.868164
1029.5354
1032.202515
1034.869751
1037.536865
1040.204102
1042.871338
1045.538452
1048.205689
1050.872925
1053.540039
1056.207275
1058.874512
1061.541626
1064.208862
1066.875977
1069.543213
1072.210449
1074.877564
1077.5448
1080.211914
1082.87915
1085.546387
1088.213501
1090.880737
1093.547852
1096.215088
1098.882324
1101.549439
1104.216675
1106.883911
1109.551025
1112.218262
1114.885376
1117.552612
1120.219849
1122.886963
1125.554199
1128.221436
1130.88855
1133.555786
1136.2229
1138.890137
1141.557373
1144.224487
1146.891724
1149.55896
1152.226074
1154.893311
1157.560425
1160.227661
1162.894898
1165.562012
1168.229248
1170.896484
1173.563599
1176.230835
1178.897949
1181.565186
1184.232422
1186.899536
1189.566773
1192.233887
1194.901123
1197.568359
1200.235474
1202.90271
1205.569946
1208.237061
1210.904297
1213.571411
1216.238648
1218.905884
1221.572998
1224.240234
1226.907471
1229.574585
1232.241821
1234.908936
1237.576172
1240.243408
1242.910523
1245.577759
1248.244873
1250.912109
1253.579346
1256.24646
1258.913696
1261.580933
1264.248047
1266.915283
1269.58252
1272.249634
1274.91687
1277.583984
1280.251221
1282.918457
1285.585571
1288.252808
1290.919922
1293.587158
1296.254395
1298.921509
1301.588745
1304.255981
1306.923096
1309.590332
1312.257446
1314.924683
1317.591919
1320.259033
1322.92627
1325.593506
1328.26062
1330.927856
1333.594971
1336.262207
1338.929443
1341.596558
1344.263794
1346.930908
1349.598145
1352.265381
1354.932495
1357.599731
1360.266968
1362.934082
1365.601318
1368.268433
1370.935669
1373.602905
1376.27002
1378.937256
1381.604492
1384.271606
1386.938843
1389.605957
1392.273193
1394.94043
1397.607544
1400.27478
1402.941895
1405.609131
1408.276367
1410.943481
1413.610718
1416.277954
1418.945068
1421.612305
1424.279419
1426.946655
1429.613892
1432.281006
1434.948242
1437.615479
1440.282593
1442.949829
1445.616943
1448.28418
1450.951416
1453.61853
1456.285767
1458.952881
1461.620117
1464.287354
1466.954468
1469.621704
1472.28894
1474.956055
1477.623291
1480.290527
1482.957642
1485.624878
1488.291992
1490.959229
1493.626465
1496.293579
1498.960815
1501.62793
1504.295166
1506.962402
1509.629517
1512.296753
1514.963989
1517.631104
1520.29834
1522.965454
1525.63269
1528.299927
1530.967041
1533.634277
1536.301514
1538.968628
1541.635864
1544.302979
1546.970215
1549.637451
1552.304565
1554.971802
1557.638916
1560.306152
1562.973389
1565.640503
1568.307739
1570.974976
1573.64209
1576.309326
1578.97644
1581.643677
1584.310913
1586.978027
1589.645264
1592.3125
1594.979614
1597.646851
1600.313965
1602.981201
1605.648438
1608.315552
1610.982788
1613.650024
1616.317139
1618.984375
1621.651489
1624.318726
1626.985962
1629.653076
1632.320313
1634.987549
1637.654663
1640.321899
1642.989014
1645.65625
1648.323486
1650.990601
1653.657837
1656.324951
1658.992188
1661.659424
1664.326538
1666.993774
1669.660889
1672.328125
1674.995361
1677.662476
1680.329712
1682.996948
1685.664063
1688.331299
1690.998535
1693.665649
1696.332886
1699
1701.667236
1704.334473
1707.001587
1709.668823
1712.335938
1715.003174
1717.67041
1720.337524
1723.004761
1725.671997
1728.339111
1731.006348
1733.673584
1736.340698
1739.007935
1741.675049
1744.342285
1747.009522
1749.676636
1752.343872
1755.010986
1757.678223
1760.345459
1763.012573
1765.67981
1768.346924
1771.01416
1773.681397
1776.348511
1779.015747
1781.682983
1784.350098
1787.017334
1789.68457
1792.351685
1795.018921
1797.686035
1800.353272
1803.020508
1805.687622
1808.354858
1811.021973
1813.689209
1816.356445
1819.02356
1821.690796
1824.35791
1827.025147
1829.692383
1832.359497
1835.026733
1837.69397
1840.361084
1843.02832
1845.695557
1848.362671
1851.029907
1853.697022
1856.364258
1859.031494
1861.698608
1864.365845
1867.032959
1869.700195
1872.367432
1875.034546
1877.701782
1880.369019
1883.036133
1885.703369
1888.370483
1891.03772
1893.704956
1896.37207
1899.039307
1901.706543
1904.373657
1907.040894
1909.708008
1912.375244
1915.042481
1917.709595
1920.376831
1923.043945
1925.711182
1928.378418
1931.045532
1933.712769
1936.380005
1939.047119
1941.714356
1944.381592
1947.048706
1949.715942
1952.383057
1955.050293
1957.717529
1960.384644
1963.05188
1965.718994
1968.386231
1971.053467
1973.720581
1976.387817
1979.054932
1981.722168
1984.389404
1987.056519
1989.723755
1992.390991
1995.058106
1997.725342
2000.392578
2003.059692
2005.726929
2008.394043
2011.061279
2013.728516
2016.39563
2019.062866
2021.729981
2024.397217
2027.064453
2029.731567
2032.398804
2035.065918
2037.733154
2040.400391
2043.067505
2045.734741
2048.401856
2051.069092
2053.736328
2056.403565
2059.070801
2061.737793
2064.405029
2067.072266
2069.739502
2072.406738
2075.073731
2077.740967
2080.408203
2083.07544
2085.742676
2088.409668
2091.076904
2093.744141
2096.411377
2099.078613
2101.74585
2104.412842
2107.080078
2109.747315
2112.414551
2115.081787
2117.748779
2120.416016
2123.083252
2125.750488
2128.417725
2131.084717
2133.751953
2136.41919
2139.086426
2141.753662
2144.420898
2147.087891
2149.755127
2152.422363
2155.0896
2157.756836
2160.423828
2163.091065
2165.758301
2168.425537
2171.092773
2173.759766
2176.427002
2179.094238
2181.761475
2184.428711
2187.095703
2189.76294
2192.430176
2195.097412
2197.764648
2200.431641
2203.098877
2205.766113
2208.43335
2211.100586
2213.767822
2216.434815
2219.102051
2221.769287
2224.436523
2227.10376
2229.770752
2232.437988
2235.105225
2237.772461
2240.439697
2243.106934
2245.773926
2248.441162
2251.108398
2253.775635
2256.442871
2259.109863
2261.7771
2264.444336
2267.111572
2269.778809
2272.445801
2275.113037
2277.780273
2280.44751
2283.114746
2285.781738
2288.448975
2291.116211
2293.783447
2296.450684
2299.117676
2301.784912
2304.452148
2307.119385
2309.786621
2312.453857
2315.12085
2317.788086
2320.455322
2323.122559
2325.789795
2328.456787
2331.124023
2333.79126
2336.458496
2339.125732
2341.792725
2344.459961
2347.127197
2349.794434
2352.46167
2355.128906
2357.795898
2360.463135
2363.130371
2365.797607
2368.464844
2371.131836
2373.799072
2376.466309
2379.133545
2381.800781
2384.467773
2387.13501
2389.802246
2392.469482
2395.136719
2397.803711
2400.470947
2403.138184
2405.80542
2408.472656
2411.139648
2413.806885
2416.474121
2419.141357
2421.808594
2424.475586
2427.143066
2429.810059
2432.477295
2435.144531
2437.811523
2440.479004
2443.145996
2445.813232
2448.480469
2451.147705
2453.814941
2456.481934
2459.14917
2461.816406
2464.483643
2467.150879
2469.817871
2472.485107
2475.152344
2477.81958
2480.486816
2483.153809
2485.821045
2488.488281
2491.155518
2493.822754
2496.489746
2499.156982
2501.824219
2504.491455
2507.158691
2509.825684
2512.49292
2515.160156
2517.827393
2520.494629
2523.161621
2525.829102
2528.496094
2531.16333
2533.830566
2536.497559
2539.165039
2541.832031
2544.499268
2547.166504
2549.833496
2552.500977
2555.167969
2557.835205
2560.502441
2563.169678
2565.836914
2568.503906
2571.171143
2573.838379
2576.505615
2579.172852
2581.839844
2584.50708
2587.174316
2589.841553
2592.508789
2595.175781
2597.843018
2600.510254
2603.17749
2605.844727
2608.511719
2611.178955
2613.846191
2616.513428
2619.180664
2621.847656
2624.514893
2627.182129
2629.849365
2632.516602
2635.183594
2637.851074
2640.518066
2643.185303
2645.852539
2648.519531
2651.187012
2653.854004
2656.52124
2659.188477
2661.855713
2664.522949
2667.189941
2669.857178
2672.524414
2675.19165
2677.858887
2680.525879
2683.193115
2685.860352
2688.527588
2691.194824
2693.861816
2696.529053
2699.196289
2701.863525
2704.530762
2707.197754
2709.86499
2712.532227
2715.199463
2717.866699
2720.533691
2723.200928
2725.868164
2728.5354
