0
0
0
0
0
0
0
0
0
0
0
0
0
0
0
0
0
0
0
0
0
0
0
0
0
0
0
0
0
0
0
0
0
0
0
0
0
0
0
0
0
0
0
0
0
0
0
0
0
0
0
0
0
0
0
0
0
0
0
0
0
0
0
0
0
0
0
0
0
0
0
0
0
0
0
0
0
0
0
0
0
0
0
0
0
0
0
0
0
0
0
0
0
0
0
0
0
0
0
0
0
0
0
0
0
0
0
0
0
0
0
0
0
0
0
0
0
0
0
0
0
0
0
0
0
0
0
0
0
0
0
0
0
0
0
0
0
0
0
0
0
0
0
0
0
0
0
0
0
0
0
0
0
0
0
0
0
0
0
0
0
0
0
0
0
0
0
0
0
0
0
0
0
0
0
0
0
0
0
0
0
0
0
0
0
0
0
0
0
0
0
0
0
0
0
0
0
0
0
0
0
0
0
0
0
0
0
0
0
0
0
0
0
0
0
0
0
0
0
0
0
0
0
0
0
0
0
0
0
0
0
0
0
0
0
0
0
0
0
0
0
0
0
0
0
0
0
0
0
0
0
0
0
0
0
0
0
0
0
0
0
0
0
0
0
0
0
0
0
0
0
0
0
0
0
0
0
0
0
0
0
0
0
0
0
0
0
0
0
0
0
0
0
0
0
0
0
0
0
0
0
0
0
0
0
0
0
0
0
0
0
0
0
0
0
0
0
0
0
0
0
0
0
0
0
0
0
0
0
0
0
0
0
0
0
0
0
0
0
0
0
0
0
0
0
0
0
0
0
0
0
0
0
0
0
0
0
0
0
0
0
0
0
0
0
0
0
0
0
0
0
0
0
0
0
0
0
0
0
0
0
0
0
0
0
0
0
0
0
0
0
0
0
0
0
0
0
0
0
0
0
0
0
0
0
0
0
0
0
0
0
0
0
0
0
0
0
0
0
0
0
0
0
0
0
0
0
0
0
0
0
0
0
0
0
0
0
0
0
0
0
0
0
0
0
0
0
0
0
0
0
0
0
0
0
0
0
0
0
0
0
0
0
0
0
0
0
0
0
0
0
0
0
0
0
0
0
0
0
0
0
0
0
0
0
0
0
0
0
0
0
0
0
0
0
0
0
0
0
0
0
0
0
0
0
0
0
0
0
0
0
0
0
0
0
0
0
0
0
0
0
0
0
0
0
0
0
0
0
0
0
0
0
0
0
0
0
0
0
0
0
0
0
0
0
0
0
0
0
0
0
0
0
0
0
0
0
0
0
0
0
0
0
0
0
0
0
0
0
0
0
0
0
0
0
0
0
0
0
0
0
0
0
0
0
0
0
0
0
0
0
0
0
0
0
0
0
0
0
0
0
0
0
0
0
0
0
0
0
0
0
0
0
0
0
0
0
0
0
0
0
0
0
0
0
0
0
0
0
0
0
0
0
0
0
0
0
0
0
0
0
0
0
0
0
0
0
0
0
0
0
0
0
0
0
0
0
0
0
0
0
0
0
0
0
0
0
0
0
0
0
0
0
0
0
0
0
0
0
0
0
0
0
0
0
0
0
0
0
0
0
0
0
0
0
0
0
0
0
0
0
0
0
0
0
0
0
0
0
0
0
0
0
0
0
0
0
0
0
0
0
0
0
0
0
0
0
0
0
0
0
0
0
0
0
0
0
0
0
0
0
0
0
0
0
0
0
0
0
0
0
0
0
0
0
0
0
0
0
0
0
0
0
0
0
0
0
0
0
0
0
0
0
0
0
0
0
0
0
0
0
0
0
0
0
0
0
0
0
0
0
0
0
0
0
0
0
0
0
0
0
0
0
0
0
0
0
0
0
0
0
0
0
0
0
0
0
0
0
0
0
0
0
0
0
0
0
0
0
0
0
0
0
0
0
0
0
0
0
0
0
0
0
0
0
0
0
0
0
0
0
0
0
0
0
0
0
0
0
0
0
0
0
0
0.350941092
0.350941002
0.350940794
0.350940615
0.350940406
0.350940168
0.350939959
0.350939751
0.350939542
0.350939304
0.350939095
0.350938857
0.350938648
0.35093841
0.350938201
0.350937963
0.350937754
0.350937516
0.350937277
0.350937068
0.35093683
0.350936592
0.350936383
0.350936145
0.350935906
0.350935698
0.350935459
0.350935221
0.350934982
0.350934774
0.350934535
0.350934297
0.350934058
0.35093385
0.350933611
0.350933373
0.350933135
0.350932896
0.350932688
0.350932449
0.350932211
0.350931972
0.350931734
0.350931495
0.350931287
0.350931048
0.35093081
0.350930572
0.350930333
0.350930095
0.350929856
0.350929618
0.350929379
0.350929141
0.350928932
0.350928694
0.350928456
0.350928217
0.350927979
0.35092774
0.350927502
0.350927264
0.350927025
0.350926787
0.350926548
0.35092631
0.350926071
0.350925833
0.350925595
0.350925356
0.350925118
0.350924879
0.350924641
0.350924402
0.350924164
0.350923926
0.350923687
0.350923449
0.35092321
0.350922942
0.350922704
0.350922465
0.350922227
0.350921988
0.35092175
0.350921512
0.350921273
0.350921035
0.350920796
0.350920528
0.35092029
0.350920051
0.350919813
0.350919575
0.350919336
0.350919098
0.350918829
0.350918591
0.350918353
0.350918114
0.350917876
0.350917637
0.350917369
0.350917131
0.350916892
0.350916654
0.350916415
0.350916147
0.350915909
0.35091567
0.350915432
0.350915164
0.350914925
0.350914687
0.350914449
0.35091418
0.350913942
0.350913703
0.350913465
0.350913197
0.350912958
0.35091272
0.350912452
0.350912213
0.350911975
0.350911707
0.350911468
0.35091123
0.350910962
0.350910723
0.350910485
0.350910217
0.350909978
0.35090974
0.350909472
0.350909233
0.350908995
0.350908726
0.350908488
0.35090825
0.350907981
0.350907743
0.350907475
0.350907236
0.350906998
0.35090673
0.350906491
0.350906223
0.350905985
0.350905716
0.350905478
0.35090521
0.350904971
0.350904733
0.350904465
0.350904226
0.350903958
0.35090372
0.350903451
0.350903213
0.350902945
0.350902706
0.350902438
0.3509022
0.350901932
0.350901693
0.350901425
0.350901186
0.350900918
0.35090068
0.350900412
0.350900143
0.350899905
0.350899637
0.350899398
0.35089913
0.350898892
0.350898623
0.350898355
0.350898117
0.350897849
0.35089761
0.350897342
0.350897074
0.350896835
0.350896567
0.350896329
0.35089606
0.350895792
0.350895554
0.350895286
0.350895017
0.350894779
0.350894511
0.350894243
0.350894004
0.350893736
0.350893468
0.350893229
0.350892961
0.350892693
0.350892454
0.350892186
0.350891918
0.35089165
0.350891411
0.350891143
0.350890875
0.350890607
0.350890368
0.3508901
0.350889832
0.350889564
0.350889325
0.350889057
0.350888789
0.35088852
0.350888252
0.350888014
0.350887746
0.350887477
0.350887209
0.350886941
0.350886703
0.350886434
0.350886166
0.350885898
0.35088563
0.350885361
0.350885123
0.350884855
0.350884587
0.350884318
0.35088405
0.350883782
0.350883514
0.350883245
0.350882977
0.350882709
0.350882471
0.350882202
0.350881934
0.350881666
0.350881398
0.35088113
0.350880861
0.350880593
0.350880325
0.350880057
0.350879788
0.35087952
0.350879252
0.350878984
0.350878716
0.350878447
0.350878179
0.350877911
0.350877643
0.350877374
0.350877106
0.350876838
0.35087657
0.350876302
0.350876033
0.350875735
0.350875467
0.350875199
0.350874931
0.350874662
0.350874394
0.350874126
0.350873858
0.35087356
0.350873291
0.350873023
0.350872755
0.350872487
0.350872219
0.350871921
0.350871652
0.350871384
0.350871116
0.350870818
0.35087055
0.350870281
0.350869983
0.350869715
0.350869447
0.350869149
0.350868881
0.350868583
0.350868315
0.350868016
0.350867748
0.35086745
0.350867152
0.350866854
0.350866556
0.350866258
0.35086593
0.341323763
0.273938686
0.220641404
0.178340018
0.144389167
0.116994336
0.094833598
0.076883301
0.062333718
0.050536942
0.040971115
0.033214316
0.026924739
0.021825198
0.017690834
0.014339193
0.011622255
0.009419936
0.007634835
0.006187961
0.005015257
0.004064789
0.003294449
0.002670106
0.002164091
0.001753979
0.001421593
0.001152201
0.000933863
0.000756901
0.000613475
0.000497228
0.000403009
0.000326643
0.000264747
0.000214579
0.000173917
0.000140959
0.000114245
9.26E-05
7.50E-05
6.08E-05
4.93E-05
3.99E-05
3.24E-05
2.62E-05
2.13E-05
1.72E-05
1.40E-05
1.13E-05
9.16E-06
7.42E-06
6.01E-06
4.87E-06
3.95E-06
3.20E-06
2.59E-06
2.10E-06
1.70E-06
1.37E-06
1.11E-06
9.01E-07
7.29E-07
5.90E-07
4.77E-07
3.86E-07
3.13E-07
2.53E-07
2.04E-07
1.65E-07
1.34E-07
1.08E-07
8.74E-08
7.06E-08
5.70E-08
4.61E-08
3.72E-08
3.00E-08
2.43E-08
1.96E-08
1.58E-08
1.27E-08
1.03E-08
8.29E-09
6.68E-09
5.38E-09
4.34E-09
3.49E-09
2.81E-09
2.26E-09
1.82E-09
1.47E-09
1.18E-09
9.47E-10
7.61E-10
6.11E-10
4.91E-10
3.94E-10
3.16E-10
2.54E-10
2.03E-10
1.63E-10
1.31E-10
1.05E-10
8.37E-11
6.70E-11
5.36E-11
4.28E-11
3.42E-11
2.73E-11
2.18E-11
1.74E-11
1.39E-11
1.11E-11
8.83E-12
7.03E-12
5.60E-12
4.45E-12
3.54E-12
2.81E-12
2.24E-12
1.78E-12
1.41E-12
1.12E-12
8.86E-13
7.02E-13
5.56E-13
4.40E-13
3.48E-13
2.75E-13
2.17E-13
1.72E-13
1.36E-13
1.07E-13
8.43E-14
6.64E-14
5.23E-14
4.11E-14
3.23E-14
2.54E-14
2.00E-14
1.57E-14
1.23E-14
9.64E-15
7.55E-15
5.91E-15
4.63E-15
3.62E-15
2.83E-15
2.21E-15
1.72E-15
1.35E-15
1.05E-15
8.17E-16
6.36E-16
4.95E-16
3.85E-16
2.99E-16
2.32E-16
1.80E-16
1.40E-16
1.08E-16
8.38E-17
6.49E-17
5.02E-17
3.88E-17
2.99E-17
2.31E-17
1.78E-17
1.37E-17
1.06E-17
8.15E-18
6.27E-18
4.82E-18
3.70E-18
2.84E-18
2.18E-18
1.67E-18
1.28E-18
9.79E-19
7.49E-19
5.72E-19
4.37E-19
3.34E-19
2.55E-19
1.94E-19
1.48E-19
1.13E-19
8.56E-20
6.50E-20
4.94E-20
3.75E-20
2.84E-20
2.16E-20
1.63E-20
1.24E-20
9.35E-21
7.06E-21
5.33E-21
4.03E-21
3.04E-21
2.29E-21
1.72E-21
1.30E-21
9.75E-22
7.33E-22
5.50E-22
4.13E-22
3.10E-22
2.32E-22
1.74E-22
1.30E-22
9.71E-23
7.26E-23
5.42E-23
4.04E-23
3.01E-23
2.24E-23
1.67E-23
1.24E-23
9.24E-24
6.86E-24
5.10E-24
3.78E-24
2.80E-24
2.07E-24
1.54E-24
1.14E-24
8.39E-25
6.20E-25
4.57E-25
3.37E-25
2.49E-25
1.83E-25
1.35E-25
9.90E-26
7.28E-26
5.34E-26
3.92E-26
2.87E-26
2.11E-26
1.54E-26
1.13E-26
8.24E-27
6.02E-27
4.39E-27
3.21E-27
2.34E-27
1.70E-27
1.24E-27
9.01E-28
6.55E-28
4.76E-28
3.45E-28
2.50E-28
1.81E-28
1.31E-28
9.50E-29
6.87E-29
4.96E-29
3.58E-29
2.59E-29
1.86E-29
1.34E-29
9.67E-30
6.96E-30
5.00E-30
3.59E-30
2.58E-30
1.85E-30
1.33E-30
9.50E-31
6.80E-31
4.86E-31
3.48E-31
2.48E-31
1.77E-31
1.26E-31
9.01E-32
6.42E-32
4.57E-32
3.25E-32
2.31E-32
1.64E-32
1.16E-32
8.24E-33
5.84E-33
4.14E-33
2.93E-33
2.07E-33
1.46E-33
1.03E-33
7.28E-34
5.13E-34
3.62E-34
2.55E-34
1.79E-34
1.26E-34
8.84E-35
6.21E-35
4.35E-35
3.05E-35
2.14E-35
1.50E-35
1.05E-35
7.31E-36
5.11E-36
3.57E-36
2.49E-36
1.73E-36
1.21E-36
8.40E-37
5.84E-37
4.06E-37
2.82E-37
1.96E-37
1.36E-37
9.40E-38
6.51E-38
4.50E-38
3.11E-38
2.15E-38
1.49E-38
0
0
0
0
0
0
0
0
0
0
0
0
0
0
0
0
0
0
0
0
0
0
0
0
0
0
0
0
0
0
0
0
0
0
0
0
0
0
0
0
0
0
0
0
0
0
0
0
0
0
0
0
0
0
0
0
0
0
0
0
0
0
0
0
0
0
0
0
0
0
0
0
0
0
0
0
0
0
0
0
0
0
0
0
0
0
0
0
0
0
0
0
0
0
0
0
0
0
0
0
0
0
0
0
0
0
0
0
0
0
0
0
0
0
0
0
0
0
0
0
0
0
0
0
0
0
0
0
0
0
0
0
0
0
0
0
0
0
0
0
0
0
0
0
0
0
0
0
0
0
0
0
0
0
0
0
0
0
0
0
0
0
0
0
0
0
0
0
0
0
0
0
0
0
0
0
0
0
0
0
0
0
0
0
0
0
0
0
0
0
0
0
0
0
0
0
0
0
0
0
0
0
0
0
0
0
0
0
0
0
0
0
0
0
0
0
0
0
0
0
0
0
0
0
0
0
0
0
0
0
0
0
0
0
0
0
0
0
0
0
0
0
0
0
0
0
0
0
0
0
0
0
0
0
0
0
0
0
0
0
0
0
0
0
0
0
0
0
0
0
0
0
0
0
0
0
0
0
0
0
0
0
0
0
0
0
0
0
0
0
0
0
0
0
0
0
0
0
0
0
0
0
0
0
0
0
0
0
0
0
0
0
0
0
0
0
0
0
0
0
0
0
0
0
0
0
0
0
0
0
0
0
0
0
0
0
0
0
0
0
0
0
0
0
0
0
0
0
0
0
0
0
0
0
0
0
0
0
0
0
0
0
0
0
0
0
0
0
0
0
0
0
0
0
0
0
0
0
0
0
0
0
0
0
0
0
0
0
0
0
0
0
0
0
0
0
0
0
0
0
0
0
0
0
0
0
0
0
0
0
0
0
0
0
0
0
0
0
0
0
0
0
0
0
0
0
0
0
0
0
0
0
0
0
0
0
0
0
0
0
0
0
0
0
0
0
0
0
0
0
0
0
0
0
0
0
0
0
0
0
0
0
0
0
0
0
0
0
0
0
0
0
0
0
0
0
0
0
0
0
0
0
0
0
0
0
0
0
0
0
0
0
0
0
0
0
0
0
0
0
0
0
0
0
0
0
0
0
0
0
0
0
0
0
0
0
0
0
0
0
0
0
0
0
0
0
0
0
0
0
0
0
0
0
0
0
0
0
0
0
0
0
0
0
0
0
0
0
0
0
0
0
0
0
0
0
0
0
0
0
0
0
0
0
0
0
0
0
0
0
0
0
0
0
0
0
0
0
0
0
0
0
0
0
0
0
0
0
0
0
0
0
0
0
0
0
0
0
0
0
0
0
0
0
0
0
0
0
0
0
0
0
0
0
0
0
0
0
0
0
0
0
0
0
0
0
0
0
0
0
0
0
0
0
0
0
0
0
0
0
0
0
0
0
0
0
0
0
0
0
0
0
0
0
0
0
0
0
0
0
0
0
0
0
0
0
0
0
0
0
0
0
0
0
0
0
0
0
0
0
0
0
0
0
0
0
0
0
0
0
0
0
0
0
0
0
0
0
0
0
0
0
0
0
0
0
0
0
0
0
0
0
0
0
0
0
0
0
0
0
0
0
0
0
0
0
0
0
0
0
0
0
0
0
0
0
0
0
0
0
0
0
0
0
0
0
0
0
0
0
0
0
0
0
0
0
0
0
0
0
0
0
0
0
0
0
0
0
0
0
0
0
0
0
0
0
0
0
0
0
0
0
0
0
0
0
0
0
0
0
0
0
0
0
0
0
0
0
0
0
0
0
0
0
0
0
0
0
0
0
0
0
0
0
0
0
0
0
0
0
0
0
0
0
0
0
0
0
0
0
0
0
0
0
0
0
0
0
0
0
0
0
0
0
0
0
0
0
0
0
0
0
0
0
0
0
0
0
0
0
0
0
0
0
0
0
0
0
0
0
0
0
0
0
0
0
0
0
0
0
0
0
0
0
0
0
0
0
0
0
0
0
0
0
0
0
0
0
0
0
0
0
0
0
0
0
0
0
0
0
0
0
0
0
0
0
0
0
0
0
0
0
0
0
0
0
0
0
0
0
0
0
0
0
0
0
0
0
0
0
0
0
0
0
0
0
0
0
0
0
0
0
0
0
0
0
0
0
0
0
0
0
0
0
0
0
0
0
0
0
0
0
0
0
0
0
0
0
0
0
0
0
0
0
0
0
0
0
0
0
0
0
0
0
0
0
0
0
0
0
0
0
0
0
0
0
0
0
0
0
0
0
0
0
0
0
0
0
0
0
0
0
0
0
0
0
0
0
0
0
0
0
0
0
0
0
0
0
0
0
0
0
0
0
0
0
0
0
0
0
0
0
0
0
0
0
0
0
0
0
0
0
0
0
0
0
0
0
0
0
0
0
0
0
0
0
0
0
0
0
0
0
0
0
0
0
0
0
0
0
0
0
0
0
0
0
0
0
0
0
0
0
0
0
0
0
0
0
0
0
0
0
0
0
0
0
0
0
0
0
0
0
0
0
0
0
0
0
0
0
0
0
0
0
0
0
0
0
0
0
0
0
0
0
0
0
0
0
0
0
0
0
0
0
0
0
0
0
0
0
0
0
0
0
0
0
0
0
0
0
0
0
0
0
0
0
0
0
0
0
0
0
0
0
0
0
0
0
0
0
0
0
0
0
0
0
0
0
0
0
0
0
0
0
0
0
0
0
0
0
0
0
0
0
0
0
0
0
0
0
0
0
0
0
0
0
0
0
0
0
0
0
0
0
0
0
0
0
0
0
0
0
0
0
0
0
0
0
0
0
0
0
0
0
0
0
0
0
0
0
0
0
0
0
0
0
0
0
0
0
0
0
0
0
0
0
0
0
0
0
0
0
0
0
0
0
0
0
0
0
0
0
0
0
0
0
0
0
0
0
0
0
0
0
0
0
0
0
0
0
0
0
0
0
0
0
0
0
0
0
0
0
0
0
0
0
0
0
0
0
0
0
0
0
0
0
0
0
0
0
0
0
0
0
0
0
0
0
0
0
0
0
0
0
0
0
0
0
0
0
0
0
0
0
0
0
0
0
0
0
0
0
0
0
0
0
0
0
0
0
0
0
0
0
0
0
0
0
0
0
0
0
0
0
0
0
0
0
0
0
0
0
0
0
0
0
0
0
0
0
0
0
0
0
0
0
0
0
0
0
0
0
0
0
0
0
0
0
0
0
0
0
0
0
0
0
0
0
0
0
0
0
0
0
0
0
0
0
0
0
0
0
0
0
0
0
0
0
0
0
0
0
0
0
0
0
0
0
0
0
0
0
0
0
0
0
0
0
0
0
0
0
0
0
0
0
0
0
0
0
0
0
0
0
0
0
0
0
0
0
0
0
0
0
0
0
0
0
0
0
0
0
0
0
0
0
0
0
0
0
0
0
0
0
0
0
0
0
0
0
0
0
0
0
0
0
0
0
0
0
0
0
0
0
0
0
0
0
0
0
0
0
0
0
0
0
0
0
0
0
0
0
0
0
0
0
0
0
0
0
0
0
0
0
0
0
0
0
0
0
0
0
0
0
0
0
0
0
0
0
0
0
0
0
0
0
0
0
0
0
0
0
0
0
0
0
0
0
0
0
0
0
0
0
0
0
0
0
0
0
0
0
0
0
0
0
0
0
0
0
0
0
0
0
0
0
0
0
0
0
0
0
0
0
0
0
0
0
0
0
0
0
0
0
0
0
0
0
0
0
0
0
0
0
0
0
0
0
0
0
0
0
0
0
0
0
0
0
0
0
0
0
0
0
0
0
0
0
0
0
0
0
0
0
0
0
0
0
0
0
0
0
0
0
0
0
0
0
0
0
0
0
0
0
0
0
0
0
0
0
0
0
0
0
0
0
0
0
0
0
0
0
0
0
0
0
0
0
0
0
0
0
0
0
0
0
0
0
0
0
0
0
0
0
0
0
0
0
0
0
0
0
0
0
0
0
0
0
0
0
0
0
0
0
0
0
0
0
0
0
0
0
0
0
0
0
0
0
0
0
0
0
0
0
0
0
0
0
0
0
0
0
0
0
0
0
0
0
0
0
0
0
0
0
0
0
0
0
0
0
0
0
0
0
0
0
0
0
0
0
0
0
0
0
0
0
0
0
0
0
0
0
0
0
0
0
0
0
0
0
0
0
0
0
0
0
0
0
0
0
0
0
0
0
0
0
0
0
0
0
0
0
0
0
0
0
0
0
0
0
0
0
0
0
0
0
0
0
0
0
0
0
0
0
0
0
0
0
0
0
0
0
0
0
0
0
0
0
0
0
0
0
0
0
0
0
0
0
0
0
0
0
0
0
0
0
0
0
0
0
0
0
0
0
0
0
0
0
0
0
0
0
0
0
0
0
0
0
0
0
0
0
0
0
0
0
0
0
0
0
0
0
0
0
0
0
0
0
0
0
0
0
0
0
0
0
0
0
0
0
0
0
0
0
0
0
0
0
0
0
0
0
0
0
0
0
0
0
0
0
0
0
0
0
0
0
0
0
0
0
0
0
0
0
0
0
0
0
0
0
0
0
0
0
0
0
0
0
0
0
0
0
0
0
0
0
0
0
0
0
0
0
0
0
0
0
0
0
0
0
0
0
0
0
0
0
0
0
0
0
0
0
0
0
0
0
0
0
0
0
0
0
0
0
0
0
0
0
0
0
0
0
0
0
0
0
0
0
0
0
0
0
0
0
0
0
0
0
0
0
0
0
0
0
0
0
0
0
0
0
0
0
0
0
0
0
0
0
0
0
0
0
0
0
0
0
0
0
0
0
0
0
0
0
0
0
0
0
0
0
0
0
0
0
0
0
0
0
0
0
0
0
0
0
0
0
0
0
0
0
0
0
0
0
0
0
0
0
0
0
0
0
0
0
0
0
0
0
0
0
0
0
0
0
0
0
0
0
0
0
0
0
0
0
0
0
0
0
0
0
0
0
0
0
0
0
0
0
0
0
0
0
0
0
0
0
0
0
0
0
0
0
0
0
0
0
0
0
0
0
0
0
0
0
0
0
0
0
0
0
0
0
0
0
0
0
0
0
0
0
0
0
0
0
0
0
0
0
0
0
0
0
0
0
0
0
0
0
0
0
0
0
0
0
0
0
0
0
0
0
0
0
0
0
0
0
0
0
0
0
0
0
0
0
0
0
0
0
0
0
0
0
0
0
0
0
0
0
0
0
0
0
0
0
0
0
0
0
0
0
0
0
0
0
0
0
0
0
0
0
0
0
0
0
0
0
0
0
0
0
0
0
0
0
0
0
0
0
0
0
0
0
0
0
0
0
0
0
0
0
0
0
0
0
0
0
0
0
0
0
0
0
0
0
0
0
0
0
0
0
0
0
0
0
0
0
0
0
0
0
0
0
0
0
0
0
0
0
0
0
0
0
0
0
0
0
0
0
0
0
0
0
0
0
0
0
0
0
0
0
0
0
0
0
0
0
0
0
0
0
0
0
0
0
0
0
0
0
0
0
0
0
0
0
0
0
0
0
0
0
0
0
0
0
0
0
0
0
0
0
0
0
0
0
0
0
0
0
0
0
0
0
0
0
0
0
0
0
0
0
0
0
0
0
0
0
0
0
0
0
0
0
0
0
0
0
0
0
0
0
0
0
0
0
0
0
0
0
0
0
0
0
0
0
0
0
0
0
0
0
0
0
0
0
0
0
0
0
0
0
0
0
0
0
0
0
0
0
0
0
0
0
0
0
0
0
0
0
0
0
0
0
0
0
0
0
0
0
0
0
0
0
0
0
0
0
0
0
0
0
0
0
0
0
0
0
0
0
0
0
0
0
0
0
0
0
0
0
0
0
0
0
0
0
0
0
0
0
0
0
0
0
0
0
0
0
0
0
0
0
0
0
0
0
0
0
0
0
0
0
0
0
0
0
0
0
0
0
0
0
0
0
0
0
0
0
0
0
0
0
0
0
0
0
0
0
0
0
0
0
0
0
0
0
0
0
0
0
0
0
0
0
0
0
0
0
0
0
0
0
0
0
0
0
0
0
0
0
0
0
0
0
0
0
0
0
0
0
0
0
0
0
0
0
0
0
0
0
0
0
0
0
0
0
0
0
0
0
0
0
0
0
0
0
0
0
0
0
0
0
0
0
0
0
0
0
0
0
0
0
0
0
0
0
0
0
0
0
0
0
0
0
0
0
0
0
0
0
0
0
0
0
0
0
0
0
0
0
0
0
0
0
0
0
0
0
0
0
0
0
0
0
0
0
0
0
0
0
0
0
0
0
0
0
0
0
0
0
0
0
0
0
0
0
0
0
0
0
0
0
0
0
0
0
0
0
0
0
0
0
0
0
0
0
0
0
0
0
0
0
0
0
0
0
0
0
0
0
0
0
0
0
0
0
0
0
0
0
0
0
0
0
0
0
0
0
0
0
0
0
0
0
0
0
0
0
0
0
0
0
0
0
0
0
0
0
0
0
0
0
0
0
0
0
0
0
0
0
0
0
0
0
0
0
0
0
0
0
0
0
0
0
0
0
0
0
0
0
0
0
0
0
0
0
0
0
0
0
0
0
0
0
0
0
0
0
0
0
0
0
0
0
0
0
0
0
0
0
0
0
0
0
0
0
0
0
0
0
0
0
0
0
0
0
0
0
0
0
0
0
0
0
0
0
0
0
0
0
0
0
0
0
0
0
0
0
0
0
0
0
0
0
0
0
0
0
0
0
0
0
0
0
0
0
0
0
0
0
0
0
0
0
0
0
0
0
0
0
0
0
0
0
0
0
0
0
0
0
0
0
0
0
0
0
0
0
0
0
0
0
0
0
0
0
0
0
0
0
0
0
0
0
0
0
0
0
0
0
0
0
0
0
0
0
0
0
0
0
0
0
0
0
0
0
0
0
0
0
0
0
0
0
0
0
0
0
0
0
0
0
0
0
0
0
0
0
0
0
0
0
0
0
0
0
0
0
0
0
0
0
0
0
0
0
0
0
0
0
0
0
0
0
0
0
0
0
0
0
0
0
0
0
0
0
0
0
0
0
0
0
0
0
0
0
0
0
0
0
0
0
0
0
0
0
0
0
0
0
0
0
0
0
0
0
0
0
0
0
0
0
0
0
0
0
0
0
0
0
0
0
0
0
0
0
0
0
0
0
0
0
0
0
0
0
0
0
0
0
0
0
0
0
0
0
0
0
0
0
0
0
0
0
0
0
0
0
0
0
0
0
0
0
0
0
0
0
0
0
0
0
0
0
0
0
0
0
0
0
0
0
0
0
0
0
0
0
0
0
0
0
0
0
0
0
0
0
0
0
0
0
0
0
0
0
0
0
0
0
0
0
0
0
0
0
0
0
0
0
0
0
0
0
0
0
0
0
0
0
0
0
0
0
0
0
0
0
0
0
0
0
0
0
0
0
0
0
0
0
0
0
0
0
0
0
0
0
0
0
0
0
0
0
0
0
0
0
0
0
0
0
0
0
0
0
0
0
0
0
0
0
0
0
0
0
0
0
0
0
0
0
0
0
0
0
0
0
0
0
0
0
0
0
0
0
0
0
0
0
0
0
0
0
0
0
0
0
0
0
0
0
0
0
0
0
0
0
0
0
0
0
0
0
0
0
0
0
0
0
0
0
0
0
0
0
0
0
0
0
0
0
0
0
0
0
0
0
0
0
0
0
0
0
0
0
0
0
0
0
0
0
0
0
0
0
0
0
0
0
0
0
0
0
0
0
0
0
0
0
0
0
0
0
0
0
0
0
0
0
0
0
0
0
0
0
0
0
0
0
0
0
0
0
0
0
0
0
0
0
0
0
0
0
0
0
0
0
0
0
0
0
0
0
0
0
0
0
0
0
0
0
0
0
0
0
0
0
0
0
0
0
0
0
0
0
0
0
0
0
0
0
0
0
0
0
0
0
0
0
0
0
0
0
0
