0
5.462402344
10.92480469
16.38720703
21.84960938
27.31201172
32.77441406
38.23681641
43.69921875
49.16162109
54.62402344
60.08642578
65.54882813
71.01123047
76.47363281
81.93597412
87.39831543
92.86071777
98.32312012
103.7855225
109.2479248
114.7103272
120.1727295
125.6351318
131.0975342
136.5599365
142.0223389
147.4847412
152.9471436
158.4095459
163.8719482
169.3343506
174.7967529
180.2591553
185.7215576
191.18396
196.6463623
202.1087647
207.571167
213.0335693
218.4959717
223.958374
229.4207764
234.8831787
240.3455811
245.8079834
251.2703857
256.7327881
262.1951904
267.6575928
273.1199951
278.5823975
284.0447998
289.5072022
294.9696045
300.4320068
305.8944092
311.3568115
316.8192139
322.2816162
327.7440186
333.2064209
338.6687927
344.1311646
349.5935669
355.0559692
360.5183716
365.9807739
371.4431763
376.9055786
382.367981
387.8303833
393.2927856
398.755188
404.2175903
409.6799927
415.142395
420.6047974
426.0671997
431.5296021
436.9919739
442.4543457
447.9167481
453.3791504
458.8415527
464.3039551
469.7663574
475.2287598
480.6911621
486.1535645
491.6159668
497.0783691
502.5407715
508.0031738
513.4655762
518.9279785
524.3903809
529.8527832
535.3151856
540.7775879
546.2399902
551.7023926
557.1647949
562.6271973
568.0895996
573.552002
579.0143433
584.4767456
589.939148
595.4015503
600.8639526
606.326355
611.7887573
617.2511597
622.713562
628.1759644
633.6383667
639.100769
644.5631714
650.0255737
655.4879761
660.9503784
666.4127808
671.8751831
677.3375855
682.7999878
688.2623901
693.7247925
699.1871948
704.6495972
710.1119995
715.5744019
721.0367432
726.4991455
731.9615479
737.4239502
742.8863525
748.3487549
753.8111572
759.2735596
764.7359619
770.1983643
775.6607666
781.123169
786.5855713
792.0479736
797.510376
802.9727783
808.4351807
813.897583
819.3599854
824.8223877
830.28479
835.7471924
841.2095947
846.6719971
852.1343994
857.5968018
863.0592041
868.5216065
873.9840088
879.4464111
884.9087524
890.3712158
895.8336182
901.2959595
906.7583618
912.2207642
917.6831665
923.1455689
928.6079712
934.0703735
939.5327759
944.9951782
950.4575806
955.9199829
961.3823853
966.8447876
972.3071899
977.7695313
983.2319336
988.6943359
994.1567383
999.6191406
1005.081543
1010.543945
1016.006348
1021.46875
1026.931152
1032.393555
1037.855957
1043.318359
1048.780762
1054.243164
1059.705566
1065.167969
1070.630371
1076.092773
1081.555176
1087.017578
1092.479981
1097.942383
1103.404785
1108.867188
1114.32959
1119.791992
1125.254395
1130.716797
1136.179199
1141.641602
1147.104004
1152.566406
1158.028809
1163.491211
1168.953613
1174.416016
1179.878418
1185.34082
1190.803223
1196.265625
1201.728027
1207.19043
1212.652832
1218.115234
1223.577637
1229.040039
1234.502319
1239.964722
1245.427124
1250.889526
1256.351929
1261.814331
1267.276733
1272.739136
1278.201538
1283.66394
1289.126343
1294.588745
1300.051148
1305.51355
1310.975952
1316.438355
1321.900757
1327.363159
1332.825562
1338.287964
1343.750366
1349.212769
1354.675171
1360.137573
1365.599976
1371.062378
1376.52478
1381.987183
1387.449585
1392.911987
1398.37439
1403.836792
1409.299194
1414.761597
1420.223999
1425.686401
1431.148804
1436.611206
1442.073608
1447.536011
1452.998413
1458.460815
1463.923218
1469.38562
1474.848023
1480.310425
1485.772827
1491.23523
1496.69751
1502.159912
1507.622315
1513.084717
1518.547119
1524.009522
1529.471924
1534.934326
1540.396729
1545.859131
1551.321533
1556.783936
1562.246338
1567.70874
1573.171143
1578.633545
1584.095947
1589.55835
1595.020752
1600.483154
1605.945557
1611.407959
1616.870361
1622.332764
1627.795166
1633.257568
1638.719971
1644.182373
1649.644775
1655.107178
1660.56958
1666.031982
1671.494385
1676.956787
1682.41919
1687.881592
1693.343994
1698.806397
1704.268799
1709.731201
1715.193604
1720.656006
1726.118408
1731.580811
1737.043213
1742.505615
1747.968018
1753.43042
1758.892822
1764.355225
1769.817627
1775.280029
1780.742432
1786.204834
1791.667236
1797.129639
1802.592041
1808.054443
1813.516846
1818.979248
1824.441528
1829.903931
1835.366333
1840.828735
1846.291138
1851.75354
1857.215942
1862.678345
1868.140747
1873.603149
1879.065552
1884.527954
1889.990356
1895.452759
1900.915161
1906.377564
1911.839966
1917.302368
1922.764771
1928.227173
1933.689575
1939.151978
1944.61438
1950.076782
1955.539185
1961.001587
1966.463989
1971.926392
1977.388794
1982.851196
1988.313599
1993.776001
1999.238403
2004.700806
2010.163086
2015.625488
2021.087891
2026.550293
2032.012695
2037.475098
2042.9375
2048.399902
2053.862305
2059.324707
2064.787109
2070.249512
2075.711914
2081.174316
2086.636719
2092.099121
2097.561523
2103.023926
2108.486328
2113.948731
2119.411133
2124.873535
2130.335938
2135.79834
2141.260742
2146.723145
2152.185547
2157.647949
2163.110352
2168.572754
2174.035156
2179.497559
2184.959961
2190.422363
2195.884766
2201.347168
2206.80957
2212.271973
2217.734375
2223.196777
2228.65918
2234.121582
2239.583984
2245.046387
2250.508789
2255.971191
2261.433594
2266.895996
2272.358398
2277.820801
2283.283203
2288.745606
2294.208008
2299.67041
2305.132813
2310.595215
2316.057617
2321.52002
2326.982422
2332.444824
2337.907227
2343.369629
2348.832031
2354.294434
2359.756836
2365.219238
2370.681641
2376.144043
2381.606445
2387.068848
2392.53125
2397.993652
2403.456055
2408.918457
2414.380859
2419.843262
2425.305664
2430.768066
2436.230469
2441.692871
2447.155273
2452.617676
2458.080078
2463.542481
2469.004883
2474.467285
2479.929688
2485.39209
2490.854492
2496.316895
2501.779297
2507.241699
2512.704102
2518.166504
2523.628906
2529.091309
2534.553711
2540.016113
2545.478516
2550.940918
2556.40332
2561.865723
2567.328125
2572.790527
2578.25293
2583.715332
2589.177734
2594.640137
2600.102539
2605.564941
2611.027344
2616.489746
2621.952148
2627.414551
2632.876953
2638.339356
2643.801514
2649.263916
2654.726318
2660.188721
2665.651123
2671.113525
2676.575928
2682.03833
2687.500732
2692.963135
2698.425537
2703.88794
2709.350342
2714.812744
2720.275147
2725.737549
