0.9000000000000238
0.9000000000000238
0.9000000000000238
0.9000000000000238
0.9000000000000238
0.9000000000000238
0.9000000000000241
0.9000000000000241
0.9000000000000241
0.9000000000000241
0.9000000000000242
0.9000000000000241
0.9000000000000242
0.900000000000024
0.9000000000000241
0.9000000000000242
0.9000000000000241
0.9000000000000243
0.9000000000000244
0.9000000000000247
0.9000000000000249
0.9000000000000248
0.9000000000000248
0.9000000000000248
0.900000000000025
0.9000000000000246
0.9000000000000247
0.9000000000000247
0.9000000000000249
0.9000000000000249
0.9000000000000249
0.9000000000000252
0.9000000000000254
0.9000000000000254
0.9000000000000257
0.9000000000000257
0.9000000000000258
0.9000000000000253
0.900000000000026
0.9000000000000264
0.9000000000000263
0.900000000000026
0.9000000000000259
0.9000000000000257
0.9000000000000262
0.900000000000026
0.9000000000000264
0.9000000000000272
0.9000000000000272
0.9000000000000263
0.9000000000000267
0.9000000000000267
0.9000000000000261
0.9000000000000264
0.9000000000000263
0.900000000000026
0.9000000000000273
0.9000000000000277
0.9000000000000267
0.9000000000000263
0.9000000000000262
0.900000000000026
0.9000000000000272
0.9000000000000272
0.9000000000000272
0.9000000000000277
0.900000000000028
0.9000000000000261
0.9000000000000257
0.9000000000000254
0.9000000000000251
0.9000000000000268
0.9000000000000269
0.9000000000000271
0.9000000000000281
0.9000000000000283
0.9000000000000279
0.9000000000000287
0.9000000000000287
0.9000000000000281
0.9000000000000284
0.9000000000000282
0.900000000000028
0.900000000000029
0.9000000000000292
0.9000000000000281
0.9000000000000287
0.9000000000000287
0.9000000000000288
0.90000000000003
0.9000000000000301
0.9000000000000297
0.9000000000000296
0.9000000000000294
0.9000000000000282
0.9000000000000289
0.9000000000000288
0.9000000000000296
0.9000000000000307
0.9000000000000308
0.9000000000000291
0.9000000000000283
0.9000000000000283
0.9000000000000278
0.9000000000000287
0.9000000000000287
0.9000000000000284
0.900000000000029
0.900000000000029
0.9000000000000286
0.9000000000000292
0.9000000000000292
0.9000000000000291
0.9000000000000299
0.9000000000000299
0.9000000000000292
0.9000000000000299
0.9000000000000298
0.90000000000003
0.9000000000000308
0.9000000000000308
0.90000000000003
0.9000000000000301
0.90000000000003
0.9000000000000298
0.9000000000000308
0.9000000000000309
0.9000000000000304
0.9000000000000309
0.9000000000000309
0.9000000000000307
0.9000000000000321
0.9000000000000322
0.9000000000000326
0.9000000000000328
0.9000000000000331
0.9000000000000317
0.9000000000000313
0.9000000000000313
0.9000000000000299
0.9000000000000307
0.9000000000000307
0.9000000000000311
0.9000000000000322
0.9000000000000323
0.9000000000000323
0.9000000000000333
0.9000000000000334
0.9000000000000332
0.9000000000000334
0.9000000000000334
0.9000000000000329
0.9000000000000331
0.9000000000000331
0.9000000000000318
0.9000000000000311
0.900000000000031
0.9000000000000302
0.9000000000000312
0.9000000000000308
0.9000000000000316
0.9000000000000332
0.9000000000000333
0.9000000000000327
0.9000000000000329
0.9000000000000328
0.9000000000000321
0.900000000000032
0.9000000000000319
0.9000000000000311
0.900000000000032
0.9000000000000319
0.9000000000000312
0.9000000000000312
0.9000000000000312
0.90000000000003
0.9000000000000298
0.9000000000000297
0.9000000000000294
0.900000000000031
0.9000000000000311
0.9000000000000313
0.9000000000000313
0.9000000000000314
0.9000000000000297
0.9000000000000292
0.9000000000000293
0.9000000000000294
0.9000000000000321
0.9000000000000321
0.9000000000000332
0.9000000000000329
0.9000000000000331
0.9000000000000309
0.9000000000000308
0.9000000000000309
0.9000000000000306
0.9000000000000311
0.9000000000000311
0.9000000000000301
0.9000000000000307
0.9000000000000308
0.9000000000000307
0.9000000000000316
0.9000000000000317
0.9000000000000312
0.9000000000000316
0.9000000000000317
0.9000000000000298
0.9000000000000296
0.9000000000000299
0.9000000000000269
0.9000000000000253
0.9000000000000258
0.9000000000000178
0.9000000000000119
0.900000000000014
0.8999999999999692
0.8999999999999535
0.8999999999998785
0.8999999999999544
0.8999999999998303
0.9000000000005484
0.8999999999983802
0.8999999999987924
0.8999999999951377
0.9000000000058712
0.8999999999926057
0.8999999999987147
0.8999999999523508
0.9000000000841456
0.9000000003312445
0.8999999999441749
0.8999999988170732
0.8999999955750162
0.9000000028013786
0.9000000104780906
0.9000000341055352
0.8999999750455625
0.899999932336782
0.8999997639566402
0.900000583798247
0.9000005745851282
0.900000598720754
0.9000006682942827
0.8999998117736271
0.9000005284171875
0.8999986254919343
0.8999983997233523
0.8999990729286993
0.8999967859286663
0.8999968661701929
0.8999975683927822
0.8999949019553716
0.8999953404694893
0.8999961885324188
0.8999929855555857
0.8999936061860422
0.8999945484116921
0.8999906439911121
0.8999909174744122
0.8999918627166411
0.8999858083839579
0.8999830682531736
0.8999841865351931
0.8999709398981848
0.899960524031953
0.8999646958057329
0.8999264756284544
0.8998895052321589
0.8999055807078074
0.8997732366741189
0.8996516255929584
0.8997546178077516
0.8991920461097368
0.8988483721020305
0.8989918560523223
0.8972488385151143
0.8963045374618194
0.895596198143349
0.8906690077576895
0.8872608992399956
0.8905326461289554
0.8661784213946264
0.8437834228102832
0.857031035486336
0.7897899932293684
0.7287192017902591
0.7460983551697821
0.5984672772025169
0.5073892291364963
0.5099107998941891
0.5033034601898673
0.49809077759524845
0.49835432632148685
0.49660018174278237
0.49587482248924203
0.49609754359265806
0.49342769669744374
0.4912132640225352
0.4910732290991495
0.4846737357969376
0.4770325827572406
0.4768757044387489
0.4625342261569405
0.4436400065867131
0.4403274607801064
0.4183042963992434
0.40248324773979416
0.3971161177997486
0.38246367865671815
0.3737983833964127
0.3740236398193208
0.3737976940121961
0.37357231691470555
0.37367342214402927
0.3735359772216012
0.3734999641767267
0.37346343449883446
0.37287266338362707
0.3718027998753402
0.3720619108316921
0.36968311743554355
0.3685617734403174
0.3675622359846848
0.3655313232473262
0.3569101349977643
0.36299635084715715
0.3411642574195988
0.3270797240374472
0.3274234455119061
0.2644849460801466
0.23017856831865516
0.24231718521703643
0.13827124663960774
0.06852555678166233
0.067837053444783
0.042032229313321824
0.021934466583255926
0.021183632435428448
0.014178665888868593
0.007415833046097745
0.0070684163948011546
0.004892734694078233
0.0030151422930732655
0.0031056326645649353
0.0017306338394311278
0.0009667308795592953
0.0010144830007923365
0.0005955905543251206
0.00040990495118681567
0.00034795501202512606
0.00019880330041407055
0.0001613127199131655
0.0001525604415092358
6.843226327937169e-05
5.014957351258099e-05
4.6502213428368135e-05
2.3350417352237844e-05
1.8893757164331904e-05
1.2957303838382297e-05
8.47719482466623e-06
6.298363282844737e-06
5.311274609651017e-06
2.7477112432686765e-06
1.6955054662503436e-06
1.660928429817211e-06
9.509731764223793e-07
5.427675664406472e-07
5.435829243645484e-07
3.278738196017978e-07
1.9683452391116035e-07
1.9988951844964341e-07
1.247749919744188e-07
6.362152301661945e-08
6.067835707869028e-08
4.224004923950584e-08
2.355835035589539e-08
2.1826296430867027e-08
1.3958096095049595e-08
9.23189784312966e-09
9.326136812214833e-09
5.110760814326943e-09
3.242819414579773e-09
3.406639181909499e-09
1.707407059717029e-09
1.210989944980481e-09
1.1581826867619002e-09
6.1150356845326e-10
4.848751885562999e-10
3.8031294743817937e-10
2.1060015952351625e-10
1.7172802111637563e-10
1.2315224894932902e-10
7.11261448303554e-11
5.775928017435291e-11
3.8389071783190116e-11
2.644816623447644e-11
1.8851574714025102e-11
1.7369129457650542e-11
7.755571587573681e-12
5.854557759472928e-12
4.8378597193605265e-12
2.954361039755964e-12
2.2494383301262547e-12
1.5171073288654841e-12
9.608486650447142e-13
7.383659239890976e-13
5.778036387128623e-13
3.2542873403650807e-13
2.5913131357840106e-13
2.1602257237942802e-13
1.0306021667417577e-13
8.063304608022642e-14
6.50850801912168e-14
3.395568249603079e-14
2.8430932964593614e-14
1.7888470658432752e-14
1.3405009277863253e-14
8.92149851343191e-15
6.968677443492344e-15
4.257514816148329e-15
2.6288688774876857e-15
2.5317142070130053e-15
1.5582409612078148e-15
1.007824865464336e-15
8.801826440426956e-16
4.930388970151798e-16
3.9772073875828314e-16
3.547997691646944e-16
1.823170667611537e-16
1.2244854609774813e-16
1.1452513995375773e-16
6.022897679399215e-17
3.740687546376237e-17
3.7354706178572586e-17
2.1819333954190713e-17
1.2403106274596312e-17
1.2542536179790722e-17
8.008171993510755e-18
4.343273303355207e-18
4.316794445377474e-18
2.569544128019754e-18
1.6657079901769009e-18
1.77918624590667e-18
1.1442281453574027e-18
5.370548416433033e-19
5.389391806609231e-19
3.346333695520783e-19
1.730377386737957e-19
1.6964048423705122e-19
1.157881578810964e-19
6.046764310500942e-20
5.505415697667297e-20
3.6575182061487484e-20
2.3794378331031434e-20
2.2527183213598847e-20
1.2308841941053595e-20
7.77490328305898e-21
7.717722206912759e-21
4.416450701408234e-21
2.6483056684710615e-21
2.6556660893508055e-21
1.5810137871376396e-21
9.355470296026266e-22
9.486602995227852e-22
5.196674461651387e-22
3.022884493056714e-22
3.01561323005572e-22
2.2828232682699913e-22
1.4606499829168915e-22
1.4284724780050736e-22
7.606722504644856e-23
4.494813241227929e-23
4.513578194908596e-23
2.6173694404785463e-23
1.4916178019542153e-23
1.4924687457913797e-23
8.348612892117753e-24
4.725787484287745e-24
4.7204815197081606e-24
2.890337832994227e-24
1.580505743929782e-24
1.5137102196420991e-24
8.737758236619514e-25
5.5052068412691045e-25
5.313407642910534e-25
3.2965201910054194e-25
2.265668582606414e-25
2.309342930272872e-25
1.139798397647558e-25
6.287471729358768e-26
6.680432165194972e-26
3.7680815217797677e-26
2.0109682239142972e-26
2.1129627043538363e-26
1.3144556847266272e-26
7.37401505734845e-27
7.6257256704772e-27
4.487142746090875e-27
2.593159115114051e-27
2.7038798616161456e-27
1.6350507735404972e-27
9.700578714240602e-28
1.0213075067948236e-27
6.102774282921558e-28
3.1968910049401788e-28
3.2500056074461603e-28
2.0322857786193815e-28
1.2183491738640805e-28
1.25653537634042e-28
7.632001855428454e-29
4.291046642690672e-29
4.519594244566505e-29
2.200942311278263e-29
1.3536873208251583e-29
1.4222547807823255e-29
7.47294574935967e-30
5.721136440154747e-30
6.1441995350251445e-30
3.049077534991265e-30
1.6816023973239556e-30
1.8031361363564358e-30
9.684919230728115e-31
4.973866913871686e-31
5.107271446594462e-31
3.206768752364032e-31
2.014198012688862e-31
2.0644596210771373e-31
1.0969376224584042e-31
6.508476697094137e-32
6.797810758048343e-32
4.018223181529638e-32
2.2654435636697604e-32
2.3097409221329117e-32
1.3525224773268952e-32
7.689950261190188e-33
7.632534325961173e-33
4.8034194890974655e-33
3.1251038892134344e-33
3.209479425615451e-33
1.7165703559307015e-33
9.402124718714949e-34
9.662873589192233e-34
6.569102368364923e-34
3.779583268782719e-34
3.7167955577621333e-34
2.3167098896236843e-34
1.3131478890013306e-34
1.2742531000040194e-34
7.082369379353454e-35
4.292083627887032e-35
4.247000681651655e-35
2.733390133384983e-35
1.616539137024398e-35
1.5869898174145236e-35
8.330967472442922e-36
5.1396618446915085e-36
5.317146628273092e-36
3.285887339014599e-36
1.7558762985504048e-36
1.728961454046617e-36
1.098872767729895e-36
6.457854752416791e-37
6.286174278063174e-37
3.7090353438781283e-37
2.562002685851956e-37
2.7205903426055453e-37
1.602094528201284e-37
7.714867301741316e-38
8.110224022862618e-38
5.218476240923891e-38
2.5388630395206524e-38
2.642382065007054e-38
1.7021262050553874e-38
1.0027709634181667e-38
1.0685352194459094e-38
5.739512576251306e-39
3.781065382598154e-39
3.8198860961950174e-39
1.9164507698083993e-39
1.5055415740182388e-39
1.48203283469717e-39
6.850474929463062e-40
4.975056566719695e-40
4.241730504822874e-40
2.449935812156426e-40
1.9878099356820853e-40
1.7714309165092313e-40
9.393238761742558e-41
5.435740121909009e-41
4.973877449290095e-41
3.121839221576079e-41
1.9962338473801892e-41
1.9218244938830628e-41
1.2053167990316799e-41
7.58837285520545e-42
3.535885673354884e-42
3.535885673354884e-42
3.535885673354884e-42
0.09999999999997615
0.09999999999997615
0.09999999999997615
0.09999999999997618
0.09999999999997618
0.09999999999997618
0.09999999999997593
0.0999999999999759
0.09999999999997591
0.09999999999997586
0.09999999999997582
0.09999999999997586
0.09999999999997583
0.09999999999997605
0.09999999999997584
0.09999999999997579
0.09999999999997591
0.09999999999997569
0.09999999999997561
0.09999999999997539
0.09999999999997519
0.09999999999997525
0.09999999999997523
0.09999999999997516
0.09999999999997503
0.09999999999997551
0.09999999999997532
0.09999999999997529
0.09999999999997522
0.09999999999997512
0.09999999999997522
0.09999999999997478
0.09999999999997451
0.09999999999997454
0.0999999999999744
0.09999999999997432
0.09999999999997423
0.09999999999997461
0.09999999999997389
0.09999999999997351
0.09999999999997353
0.09999999999997408
0.09999999999997412
0.09999999999997437
0.0999999999999738
0.09999999999997398
0.0999999999999736
0.09999999999997279
0.09999999999997274
0.0999999999999736
0.0999999999999733
0.09999999999997336
0.09999999999997386
0.09999999999997347
0.0999999999999737
0.09999999999997393
0.09999999999997261
0.09999999999997239
0.09999999999997333
0.09999999999997373
0.09999999999997371
0.09999999999997403
0.09999999999997275
0.09999999999997274
0.09999999999997271
0.09999999999997232
0.09999999999997208
0.0999999999999738
0.0999999999999744
0.09999999999997464
0.09999999999997494
0.09999999999997312
0.09999999999997307
0.09999999999997275
0.09999999999997178
0.09999999999997178
0.0999999999999721
0.09999999999997136
0.09999999999997124
0.09999999999997186
0.09999999999997158
0.09999999999997179
0.09999999999997192
0.09999999999997103
0.09999999999997083
0.09999999999997179
0.09999999999997132
0.09999999999997135
0.09999999999997115
0.09999999999997006
0.09999999999996999
0.09999999999997035
0.09999999999997052
0.09999999999997049
0.09999999999997175
0.09999999999997113
0.09999999999997126
0.09999999999997049
0.09999999999996938
0.09999999999996918
0.09999999999997088
0.0999999999999717
0.09999999999997167
0.09999999999997226
0.0999999999999713
0.09999999999997128
0.09999999999997158
0.09999999999997095
0.09999999999997092
0.09999999999997142
0.0999999999999707
0.09999999999997072
0.0999999999999709
0.09999999999997014
0.0999999999999701
0.09999999999997071
0.09999999999997011
0.09999999999997011
0.09999999999997006
0.09999999999996931
0.09999999999996931
0.09999999999996993
0.09999999999996989
0.09999999999997003
0.09999999999997027
0.09999999999996922
0.09999999999996907
0.0999999999999696
0.09999999999996909
0.0999999999999692
0.09999999999996924
0.09999999999996788
0.09999999999996785
0.09999999999996749
0.09999999999996714
0.09999999999996702
0.09999999999996835
0.09999999999996866
0.09999999999996861
0.09999999999997009
0.09999999999996932
0.0999999999999694
0.09999999999996886
0.09999999999996766
0.09999999999996757
0.09999999999996768
0.09999999999996674
0.09999999999996666
0.09999999999996681
0.09999999999996645
0.09999999999996652
0.09999999999996717
0.09999999999996698
0.09999999999996688
0.09999999999996816
0.0999999999999689
0.09999999999996897
0.0999999999999698
0.09999999999996892
0.09999999999996916
0.09999999999996845
0.09999999999996687
0.09999999999996663
0.09999999999996725
0.0999999999999672
0.09999999999996725
0.09999999999996778
0.09999999999996795
0.0999999999999681
0.09999999999996882
0.09999999999996813
0.09999999999996821
0.09999999999996877
0.09999999999996882
0.09999999999996875
0.09999999999996999
0.09999999999997014
0.09999999999997025
0.09999999999997052
0.09999999999996909
0.09999999999996896
0.09999999999996868
0.09999999999996873
0.0999999999999685
0.09999999999997028
0.09999999999997067
0.09999999999997074
0.09999999999997056
0.09999999999996792
0.09999999999996788
0.09999999999996675
0.0999999999999671
0.09999999999996699
0.09999999999996916
0.09999999999996918
0.0999999999999692
0.09999999999996945
0.09999999999996889
0.0999999999999688
0.0999999999999699
0.0999999999999693
0.0999999999999692
0.09999999999996934
0.0999999999999682
0.09999999999996824
0.09999999999996842
0.09999999999996802
0.0999999999999679
0.09999999999996916
0.09999999999996899
0.09999999999996889
0.09999999999996882
0.09999999999996789
0.09999999999996857
0.09999999999996635
0.09999999999996508
0.09999999999995675
0.09999999999997328
0.09999999999996992
0.10000000000004716
0.09999999999983597
0.09999999999987196
0.09999999999923943
0.10000000000094916
0.10000000000005026
0.10000000000397957
0.09999999999177595
0.1000000000036661
0.09999999999813887
0.10000000003899354
0.09999999990354753
0.09999999965974544
0.10000000002522817
0.10000000113676737
0.1000000043596384
0.09999999709752143
0.09999998938505625
0.09999996574820323
0.10000002459445406
0.10000006713885319
0.10000023531994633
0.09999941505020794
0.09999942387465556
0.0999993997208039
0.09999932777932727
0.10000018236049867
0.0999994647669579
0.10000136254612524
0.10000158454480852
0.10000091252419492
0.10000317563160546
0.10000307129486505
0.10000236701703573
0.10000500444870684
0.10000449350915082
0.1000036306192601
0.10000671299942908
0.10000576208334333
0.10000471158966079
0.10000823992738872
0.10000682777359823
0.10000582632930896
0.10000967520563407
0.10000788504498723
0.10000783331857806
0.10001136019626537
0.10001019543828028
0.10001206496453122
0.10001744406201829
0.1000204859337894
0.10002822386700451
0.1000362880406663
0.10004913328464932
0.10003460144900897
0.10009466195532844
0.1000567380808378
0.10001314355141586
0.10008904320268548
0.10000616094102394
0.09995223280621675
0.09999878301089157
0.10033478597972911
0.09940920211994765
0.10066499819930462
0.10007560004041799
0.10026816136935071
0.1029927822215379
0.0999378542014387
0.10219976598411346
0.095860257206931
0.09368509798831438
0.09293079983293885
0.10468445231897143
0.11395717969169412
0.11385454361917802
0.11566818810815074
0.11741915998465889
0.11750092614682411
0.12033167487801133
0.12506668872175336
0.1251031121423905
0.13230298320226286
0.14350884246245108
0.143237416990899
0.1607301483129065
0.18844099047924862
0.18693263406556748
0.21827053478905273
0.24072364299448926
0.24607544389394218
0.2477882930222032
0.25127064363311546
0.2498029855050394
0.24948821006814603
0.24917422692665228
0.2492674780515323
0.24923875096003406
0.24905756317454483
0.2492169338897131
0.24891930115367683
0.24894515357777847
0.249196225825656
0.24889421432200315
0.24895214841799013
0.24934163999744685
0.24825624701850132
0.24919330076329627
0.24686486725197282
0.2427093916413383
0.2415122686514756
0.25776369372917934
0.20975535100761347
0.18390809649677514
0.18169180905780422
0.18822579631164613
0.17801945283367743
0.17814373939110176
0.18639687412989278
0.19132803542866308
0.18856148316502103
0.20548212490827789
0.22124085259118034
0.22236172338627727
0.23572955462235692
0.24203927674903616
0.24249757177011522
0.24622372647397148
0.24808669639361935
0.24826436274923147
0.24917161683310443
0.24961136961050587
0.24967417234662276
0.24985856379097324
0.2499381373118274
0.24996755905185808
0.2499990190670797
0.2500140174261986
0.2500104109583444
0.25001259191588737
0.25001009874941277
0.2500125149476848
0.2500076132241241
0.25000378815518487
0.2500041272580315
0.2500030378064105
0.2500007448748612
0.2500006668662908
0.24999937677875977
0.24999938663585047
0.24999950452546452
0.25000012899565077
0.24999979155090918
0.24999968487627133
0.24999962925389635
0.2500000852221971
0.2500001678137284
0.25000025276156
0.2499999647469509
0.24999991486577214
0.24999984622418284
0.24999999835085185
0.25000002047875
0.2500000695376157
0.25000000888300383
0.25000000160045666
0.24999996870303184
0.24999998971148485
0.24999999163063
0.250000013273921
0.25000000708297193
0.25000000687484186
0.24999999363566583
0.24999999556917812
0.24999999567657105
0.2500000033269296
0.25000000218531754
0.25000000196665745
0.24999999813540308
0.2499999991198973
0.24999999936526543
0.2500000009961141
0.2500000002368214
0.2500000000488232
0.24999999950386248
0.2500000000002877
0.25000000011658485
0.25000000022218166
0.2499999999422738
0.2499999998804986
0.2499999999125987
0.2500000000515917
0.2500000000801963
0.2500000000278825
0.2499999999679762
0.24999999995687044
0.24999999999500905
0.2500000000163637
0.2500000000196365
0.24999999999856448
0.24999999999334216
0.24999999999302533
0.2500000000024529
0.25000000000221645
0.25000000000174655
0.24999999999855874
0.24999999999986514
0.2500000000003151
0.2500000000008377
0.2499999999998668
0.24999999999961953
0.2499999999998785
0.2500000000003338
0.25000000000042333
0.2500000000001156
0.2499999999999787
0.24999999999996547
0.2500000000001289
0.25000000000013434
0.25000000000012496
0.25000000000007144
0.250000000000093
0.25000000000010153
0.2500000000001004
0.2500000000000866
0.25000000000008343
0.2500000000000913
0.25000000000009204
0.2500000000000929
0.25000000000007855
0.2500000000000756
0.25000000000007566
0.25000000000007905
0.2500000000000803
0.25000000000008016
0.2500000000000783
0.25000000000007666
0.25000000000007694
0.25000000000007194
0.2500000000000724
0.25000000000007194
0.2500000000000742
0.2500000000000771
0.2500000000000778
0.2500000000000747
0.2500000000000706
0.25000000000007044
0.25000000000006534
0.250000000000063
0.2500000000000632
0.25000000000005906
0.25000000000005745
0.2500000000000576
0.2500000000000551
0.25000000000005485
0.25000000000005507
0.2500000000000539
0.250000000000053
0.250000000000053
0.25000000000005096
0.25000000000005224
0.2500000000000523
0.2500000000000519
0.25000000000005274
0.2500000000000531
0.2500000000000504
0.2500000000000479
0.250000000000048
0.2500000000000447
0.25000000000004274
0.25000000000004297
0.2500000000000384
0.25000000000003825
0.2500000000000378
0.25000000000003963
0.2500000000000426
0.25000000000004335
0.2500000000000389
0.2500000000000347
0.2500000000000344
0.2500000000000305
0.25000000000002975
0.25000000000002975
0.2500000000000286
0.2500000000000286
0.2500000000000291
0.2500000000000256
0.25000000000002265
0.25000000000002226
0.2500000000000196
0.250000000000021
0.2500000000000215
0.25000000000001943
0.2500000000000183
0.25000000000001815
0.250000000000017
0.25000000000001577
0.2500000000000153
0.2500000000000133
0.2500000000000139
0.25000000000001427
0.2500000000000107
0.2500000000000076
0.25000000000000755
0.25000000000000405
0.25000000000000405
0.2500000000000042
0.25000000000000194
0.25000000000000105
0.2500000000000008
0.24999999999999947
0.25000000000000155
0.2500000000000017
0.25000000000000017
0.24999999999999684
0.24999999999999722
0.2499999999999906
0.24999999999998887
0.2499999999999881
0.2499999999999905
0.24999999999999123
0.2499999999999923
0.24999999999998399
0.24999999999997602
0.24999999999997569
0.2499999999999708
0.24999999999997496
0.24999999999997471
0.24999999999998052
0.2499999999999845
0.24999999999998485
0.24999999999998293
0.2499999999999828
0.24999999999998274
0.2499999999999821
0.2499999999999822
0.2499999999999832
0.249999999999978
0.2499999999999745
0.249999999999974
0.24999999999997338
0.24999999999997802
0.24999999999997813
0.2499999999999807
0.2499999999999826
0.2499999999999825
0.24999999999998135
0.24999999999998196
0.24999999999998182
0.24999999999998065
0.24999999999998118
0.24999999999998157
0.24999999999997818
0.24999999999997602
0.24999999999997577
0.2499999999999741
0.2499999999999765
0.2499999999999762
0.24999999999997707
0.24999999999997943
0.24999999999997927
0.2499999999999796
0.24999999999998102
0.24999999999998096
0.24999999999998013
0.2499999999999817
0.24999999999998157
0.2499999999999815
0.24999999999998102
0.24999999999998135
0.24999999999997774
0.24999999999997888
0.24999999999997888
0.24999999999998065
0.24999999999998382
0.24999999999998399
0.2499999999999848
0.24999999999998454
0.24999999999998243
0.24999999999998243
0.24999999999998243
0.0
0.0
0.0
1.9019378054744522e-71
3.803875610948906e-71
5.705813416423361e-71
2.1569843488571144e-69
4.275688100449743e-69
6.394401604582121e-69
1.8119980942493036e-67
3.581302134341952e-67
5.350592724137731e-67
1.153984510445119e-65
2.2722049659997534e-65
3.3904082702877753e-65
5.7925981813592035e-64
1.1358230877753409e-63
1.69237744342781e-63
2.3725787254967884e-62
4.631676169003338e-62
6.890743393751626e-62
8.137722647898848e-61
1.5812604110892334e-60
2.34874414191699e-60
2.358252659034578e-59
4.558460927570128e-59
6.75868307581496e-59
5.7566223762984236e-58
1.105756542672119e-57
1.6358560742519485e-57
1.1716499141646e-56
2.2327588251001004e-56
3.293872290160617e-56
1.894151028754825e-55
3.565086648755165e-55
5.236024840090089e-55
1.8511435792862847e-54
3.3458346087946195e-54
4.8405224891984696e-54
8.744670393903274e-54
2.2570755619073312e-53
3.10609468221306e-53
5.40024067367236e-53
1.363751763441431e-52
1.870699429354546e-52
1.4749884319329304e-52
8.190309444272954e-52
1.2130345122502508e-51
1.2414677315161594e-51
2.2079230819798624e-51
4.186166591206107e-51
2.2384098969251715e-51
1.4699867936644669e-50
2.4119006406467033e-50
1.1370402016791713e-50
8.454062137818616e-50
1.3621004046068177e-49
8.316511782822387e-50
4.843425259455126e-49
7.364731265254466e-49
7.44234820665795e-49
1.3083355465951017e-48
2.4905854296441526e-48
2.6744197151047587e-48
4.6540904001711926e-48
8.863003459880913e-48
8.242171220759819e-48
3.2596413306820796e-47
4.693323525161303e-47
2.528051695622288e-47
1.9087381936212745e-46
2.9532709945884807e-46
2.0682945134160766e-46
1.120644957416019e-45
1.657908342210191e-45
2.027659531304551e-45
6.581724894913576e-45
9.118227932553114e-45
1.0079123286227809e-44
1.797018336690653e-44
3.4157730438945366e-44
3.691319155101e-44
6.395387539864095e-44
1.2196203072579546e-43
1.3153875620156447e-43
2.279184203133955e-43
4.359251799173295e-43
4.6950203717029506e-43
8.176064688752736e-43
1.56606809853339e-42
1.686776573064711e-42
2.930381905046572e-42
5.5969259119496416e-42
6.608141521160326e-42
2.0572691383065032e-41
2.879862450641371e-41
6.677216717520925e-41
1.1393004926783257e-40
1.6108771554680663e-40
1.425119120928153e-40
6.9486392388225364e-40
1.0353735395397128e-39
1.387721769622106e-39
3.8542657872660564e-39
5.292159348515031e-39
2.4547626901135555e-39
2.14098168343386e-38
3.5419589165917607e-38
3.4024492236501274e-38
1.2231619083816114e-37
1.7288057150346314e-37
3.7296056800195235e-37
6.299010370032282e-37
8.868413363885808e-37
8.664830651373962e-37
3.638633467447506e-36
5.3067813561506766e-36
7.042364951613542e-36
1.9208273710588232e-35
2.629522775198484e-35
5.82695316287474e-35
9.81790572139192e-35
1.3808799979641583e-34
1.1277637772008336e-34
5.761176918267304e-34
8.719791699312604e-34
8.844249523121004e-34
3.128329746369418e-33
4.376051533589776e-33
1.977156760312716e-33
1.6924736207245983e-32
2.7723863429963283e-32
2.65538231044719e-32
9.494339892232199e-32
1.3406064258149995e-31
1.845481128218718e-31
4.978599388690875e-31
6.800824721633846e-31
4.29512768830435e-31
2.695202000882199e-30
4.17296011066363e-30
4.7797078401011056e-30
1.3944864120489713e-29
1.9234803566786716e-29
1.1153703746979215e-29
7.163578664199401e-29
1.1290325147526592e-28
1.4438427694563814e-28
3.6381911206921087e-28
4.976945993405623e-28
4.79862515145053e-28
1.8535477689693232e-27
2.625729947168456e-27
3.3810003785313145e-27
8.756196774895255e-27
1.1907076662151367e-26
6.779745257078996e-27
3.9990651951281863e-26
6.797569097238304e-26
4.4846000593399753e-26
1.9538981589193507e-25
3.0042306486895655e-25
4.833750642265689e-25
8.800185894416412e-25
1.2078091714061158e-24
1.2339813682379574e-24
4.2211767331235216e-24
6.027162800621187e-24
3.317134936537239e-24
1.8111068735270185e-23
3.0268487235678595e-23
1.7172387907297046e-23
7.676389880654533e-23
1.3320746725646004e-22
1.1281881617798248e-22
3.5096362000428077e-22
5.027688470034318e-22
7.688391243003827e-22
1.379748792454556e-21
1.8697480370380482e-21
1.436793017814477e-21
5.806763416823488e-21
9.443917688677635e-21
9.108830552437623e-21
2.4771250437239186e-20
3.4324918082313645e-20
2.1773665471499842e-20
9.716049010021052e-20
1.6193748805708474e-19
1.157775874355451e-19
3.8875418539268663e-19
5.977298087919927e-19
6.961867135529997e-19
1.560139146524907e-18
2.1038667255951917e-18
2.100285935504974e-18
6.157539376924707e-18
8.524533476961514e-18
5.864998127892242e-18
2.259464614490896e-17
3.595428281064991e-17
3.335690786161008e-17
8.412026053983326e-17
1.1619985258450233e-16
1.4495255978628365e-16
3.0366671910260743e-16
4.0408122610926473e-16
6.115126303336878e-16
1.0925202143183337e-15
1.463210540609001e-15
1.3093850563711695e-15
4.337561029265364e-15
6.860277677832094e-15
5.525459316173488e-15
1.586861400815351e-14
2.302798462278797e-14
2.932419509792504e-14
5.742597003253307e-14
7.659070050431255e-14
7.451879162206745e-14
2.0969844590228035e-13
2.9767816162122177e-13
2.1214475473755502e-13
6.707063234659705e-13
1.157334714003527e-12
8.827573776398662e-13
2.3528554396154768e-12
3.728104913414815e-12
3.1463669797885545e-12
8.655709280299125e-12
1.2306943717536462e-11
9.010057525336048e-12
3.059702255503782e-11
4.6159564983497184e-11
6.534536007827274e-11
1.0110001149888797e-10
1.3685325729097904e-10
1.462615389834909e-10
3.5998340287043173e-10
5.243646933480456e-10
7.234134136958804e-10
1.1515451246623243e-09
1.5402163165200458e-09
1.558442156566087e-09
3.9263899762377746e-09
5.865874407503612e-09
6.815854536764008e-09
1.1961940361456872e-08
1.5731839067830593e-08
1.4547105872985185e-08
3.8439728407608406e-08
6.253494214463225e-08
6.459018203598624e-08
9.35959216194542e-08
1.6602135992448543e-07
1.808483211366939e-07
3.0144498529551196e-07
6.317306145232177e-07
7.399986470049642e-07
1.1160814990800642e-06
2.2547519895331338e-06
2.3109540500281295e-06
4.516410408139331e-06
9.046701839148197e-06
7.9801462289097e-06
1.7699905549701388e-05
2.9280529766632913e-05
2.323922973599739e-05
5.608030952746705e-05
9.000883405183214e-05
6.619542518815321e-05
0.00019047528521480109
0.00029924112239220976
0.00021078074323950985
0.0007132919349347569
0.0010948898171316615
0.0009950003962617535
0.0026621182822002495
0.003689301597156641
0.004451569050434269
0.009332209231418986
0.012404314780275255
0.010058151751097085
0.03315658040606904
0.05614097714929881
0.042700803144313265
0.10721722454909371
0.17134294400830222
0.1517018788461045
0.30567246559055206
0.3989256728751893
0.39715840027287197
0.3920120874911612
0.3879520427130575
0.3877911300593352
0.3877316301490668
0.3867060175260992
0.38640153026051793
0.3862406284245451
0.38372004725571135
0.38382365875845986
0.3830232810007996
0.3794585747803084
0.3798868785703521
0.376735625530153
0.36791900293403834
0.3727399051543262
0.36342516881170395
0.35679310926571667
0.35680843830630915
0.36974802832107867
0.37493097297047184
0.3761733746756399
0.3767140959196578
0.37725345615864225
0.37705909980443836
0.3772252718183647
0.3774424726487286
0.37731963161145243
0.378208035462696
0.3792520465468814
0.37874186334265203
0.3814226682424534
0.3824860781416924
0.3830961240178683
0.3862124297341726
0.3938965642389393
0.39013878190087004
0.4161263509390629
0.4314080073110773
0.4148128607589145
0.52575970291224
0.5859133351845697
0.5759910057251594
0.6735029570487461
0.7534549903846602
0.7540192071641153
0.7715708965567855
0.7867374979880809
0.7902548843995506
0.7803392092028535
0.7713433143627219
0.7705698602189215
0.7593777106835649
0.7549455809578907
0.7543967955653198
0.7520456396865974
0.7509465727268214
0.7507211542499762
0.7502327926125705
0.7499787254383073
0.7499778726413522
0.7499426329086126
0.7499005499682593
0.7498798805066327
0.7499325486696409
0.7499358330002888
0.7499430868282272
0.7499640576667603
0.7499710074934228
0.7499745277484768
0.7499839095810512
0.7499899134815322
0.7499905614673589
0.7499942144823463
0.7499975596196726
0.7499976722052795
0.7499996722480637
0.750000070596583
0.7499999518916111
0.7499995431305295
0.7500000116145669
0.7500001152342102
0.7500002459711117
0.7499998511562799
0.7499997715079144
0.7499997049983907
0.7500000116946987
0.7500000633079315
0.7500001398177211
0.7499999924172503
0.7499999701951132
0.7499999253516235
0.7499999878741767
0.7499999949929043
0.7500000295895611
0.7500000090775253
0.7500000072111874
0.7499999861145754
0.749999992432153
0.7499999927448452
0.750000006153734
0.7500000042590939
0.7500000042002767
0.749999996601944
0.7499999977569233
0.7499999979949534
0.7500000018381489
0.7500000008612512
0.7500000006173655
0.7499999989961305
0.749999999757324
0.7499999999463388
0.7500000004931832
0.7499999999974629
0.7499999998818979
0.7499999997768575
0.7500000000569879
0.7500000001189236
0.7500000000870759
0.7499999999481493
0.7499999999195875
0.7499999999720145
0.7500000000319431
0.7500000000430644
0.7500000000049571
0.7499999999836079
0.7499999999803456
0.7500000000014222
0.7500000000066489
0.7500000000069679
0.7499999999975429
0.7499999999977809
0.749999999998251
0.7500000000014396
0.7500000000001339
0.7499999999996841
0.7499999999991617
0.7500000000001328
0.7500000000003801
0.7500000000001213
0.749999999999666
0.7499999999995766
0.7499999999998844
0.7500000000000213
0.7500000000000345
0.7499999999998711
0.7499999999998658
0.749999999999875
0.7499999999999286
0.7499999999999071
0.7499999999998984
0.7499999999998996
0.7499999999999134
0.7499999999999166
0.7499999999999087
0.7499999999999081
0.7499999999999071
0.7499999999999215
0.7499999999999244
0.7499999999999244
0.749999999999921
0.7499999999999196
0.7499999999999198
0.7499999999999217
0.7499999999999234
0.7499999999999231
0.7499999999999281
0.7499999999999277
0.7499999999999282
0.7499999999999258
0.7499999999999228
0.7499999999999222
0.7499999999999253
0.7499999999999294
0.7499999999999296
0.7499999999999346
0.7499999999999369
0.7499999999999368
0.7499999999999408
0.7499999999999425
0.7499999999999424
0.7499999999999448
0.7499999999999452
0.749999999999945
0.749999999999946
0.7499999999999469
0.7499999999999469
0.749999999999949
0.7499999999999478
0.7499999999999478
0.7499999999999482
0.7499999999999473
0.7499999999999468
0.7499999999999496
0.7499999999999521
0.749999999999952
0.7499999999999553
0.7499999999999573
0.7499999999999571
0.7499999999999616
0.7499999999999617
0.7499999999999623
0.7499999999999604
0.7499999999999574
0.7499999999999566
0.7499999999999611
0.7499999999999654
0.7499999999999655
0.7499999999999694
0.7499999999999701
0.7499999999999704
0.7499999999999715
0.7499999999999714
0.749999999999971
0.7499999999999744
0.7499999999999775
0.7499999999999777
0.7499999999999806
0.7499999999999791
0.7499999999999785
0.7499999999999806
0.7499999999999816
0.7499999999999818
0.7499999999999831
0.7499999999999841
0.7499999999999848
0.7499999999999867
0.7499999999999861
0.7499999999999858
0.7499999999999892
0.7499999999999923
0.7499999999999925
0.7499999999999959
0.7499999999999961
0.7499999999999959
0.749999999999998
0.749999999999999
0.7499999999999991
0.7500000000000006
0.7499999999999984
0.7499999999999982
0.7499999999999999
0.7500000000000032
0.7500000000000028
0.7500000000000093
0.750000000000011
0.750000000000012
0.7500000000000094
0.7500000000000088
0.7500000000000078
0.750000000000016
0.750000000000024
0.7500000000000243
0.7500000000000292
0.7500000000000251
0.7500000000000253
0.7500000000000195
0.7500000000000155
0.7500000000000151
0.750000000000017
0.7500000000000172
0.7500000000000173
0.750000000000018
0.7500000000000178
0.7500000000000169
0.750000000000022
0.7500000000000256
0.7500000000000259
0.7500000000000266
0.750000000000022
0.7500000000000219
0.7500000000000192
0.7500000000000174
0.7500000000000175
0.7500000000000188
0.7500000000000181
0.7500000000000182
0.7500000000000194
0.7500000000000189
0.7500000000000184
0.7500000000000219
0.750000000000024
0.7500000000000242
0.750000000000026
0.7500000000000235
0.7500000000000239
0.750000000000023
0.7500000000000205
0.7500000000000208
0.7500000000000203
0.7500000000000191
0.7500000000000191
0.7500000000000199
0.7500000000000183
0.7500000000000183
0.7500000000000185
0.750000000000019
0.7500000000000187
0.7500000000000223
0.7500000000000212
0.7500000000000211
0.7500000000000194
0.7500000000000161
0.7500000000000161
0.7500000000000152
0.7500000000000153
0.7500000000000175
0.7500000000000175
0.7500000000000175
