1
1
1
1
1
1
1
1
1
1
1
1
1
1
1
1
1
1
1
1
1
1
1
1
1
1
1
1
1
1
1
1
1
1
1
1
1
1
1
1
1
1
1
1
1
1
1
1
1
1
1
1
1
1
1
1
1
1
1
1
1
1
1
1
1
1
1
1
1
1
1
1
1
1
1
1
1
1
1
1
1
1
1
1
1
1
1
1
1
1
1
1
1
1
1
1
1
1
1
1
1
1
1
1
1
1
1
1
1
1
1
1
1
1
1
1
1
1
1
1
1
1
1
1
1
1
1
1
1
1
1
1
1
1
1
1
1
1
1
1
1
1
1
1
1
1
1
1
1
1
1
1
1
1
1
1
1
1
1
1
1
1
1
1
1
1
1
1
1
1
1
1
1
1
1
1
1
1
1
1
1
1
1
1
1
1
1
1
1
1
1
1
1
1
1
1
1
1
1
1
1
1
1
1
1
1
1
1
1
1
1
1
1
1
1
1
1
1
1
1
1
1
1
1
1
1
1
1
1
1
1
1
1
1
1
1
1
1
1
1
1
1
1
1
1
1
1
1
1
1
1
1
1
1
1
1
1
1
1
1
1
1
1
1
1
1
1
1
1
1
1
1
1
1
1
1
1
1
1
1
1
1
1
1
1
1
1
1
1
1
1
1
1
1
1
1
1
1
1
1
1
1
1
1
1
1
1
1
1
1
1
1
1
1
1
1
1
1
1
1
1
1
1
1
1
1
1
1
1
1
1
1
1
1
1
1
1
1
1
1
1
1
1
1
1
1
1
1
1
1
1
1
1
1
1
1
1
1
1
1
1
1
1
1
1
1
1
1
1
1
1
1
1
1
1
1
1
1
1
1
1
1
1
1
1
1
1
1
1
1
1
1
1
1
1
1
1
1
1
1
1
1
1
1
1
1
1
1
1
1
1
1
1
1
1
1
1
1
1
1
1
1
1
1
1
1
1
1
1
1
1
1
1
1
1
1
1
1
1
1
1
1
1
1
1
1
1
1
1
1
1
1
1
1
1
1
1
1
1
1
1
1
1
1
1
1
1
1
1
1
1
1
1
1
1
1
1
1
1
1
1
1
1
1
1
1
1
1
1
1
1
1
1
1
1
1
1
1
1
1
1
1
1
1
1
1
1
1
1
1
1
1
1
1
1
1
1
1
1
1
1
1
1
1
1
1
1
1
1
1
1
1
1
1
1
1
1
1
1
1
1
1
1
1
1
1
1
1
1
1
1
1
1
1
1
1
1
1
1
1
1
1
1
1
1
1
1
1
1
1
1
1
1
1
1
1
1
1
1
1
1
1
1
1
1
1
1
1
1
1
1
1
1
1
1
1
1
1
1
1
1
1
1
1
1
1
1
1
1
1
1
1
1
1
1
1
1
1
1
1
1
1
1
1
1
1
1
1
1
1
1
1
1
1
1
1
1
1
1
1
1
1
1
1
1
1
1
1
1
1
1
1
1
1
1
1
1
1
1
1
1
1
1
1
1
1
1
1
1
1
1
1
1
1
1
1
1
1
1
1
1
1
1
1
1
1
1
1
1
1
1
1
1
1
1
1
1
1
1
1
1
1
1
1
1
1
1
1
1
1
1
1
1
1
1
1
1
1
1
1
1
1
1
1
1
1
1
1
1
1
1
1
1
1
1
1
1
1
1
1
1
1
1
1
1
1
1
1
1
1
1
1
1
1
1
1
1
1
1
1
1
1
1
1
1
1
1
1
1
1
1
1
1
1
1
1
1
1
1
1
1
1
1
1
1
1
1
1
1
1
1
1
1
1
1
1
1
1
1
1
1
1
1
1
1
1
1
1
1
1
1
1
1
1
1
1
1
1
1
1
1
1
1
1
1
1
1
1
1
1
1
1
1
1
1
1
1
1
1
1
0.99999994
0.99999994
0.999999881
0.999999762
0.999999464
0.999998987
0.999997973
0.999995887
0.999991775
0.99998343
0.999966741
0.999933243
0.999865949
0.999730825
0.999459505
0.998914659
0.997820854
0.995626986
0.991233945
0.982467592
0.965124846
0.931222022
0.867225647
0.755122364
0.601132095
0.523343086
0.497316778
0.484482616
0.476828158
0.471728116
0.468072504
0.465311885
0.463143528
0.461387187
0.459928811
0.458692878
0.457627267
0.45669502
0.455869079
0.455129266
0.454460204
0.453849941
0.453289151
0.452770293
0.452287316
0.451835334
0.451410264
0.451008737
0.450627893
0.450265378
0.449919105
0.449587405
0.449268728
0.448961824
0.448665529
0.448378861
0.448100984
0.447831154
0.447568655
0.447312921
0.447063386
0.446819633
0.446581185
0.446347713
0.446118802
0.445894212
0.445673615
0.445456773
0.445243448
0.445033431
0.444826514
0.444622546
0.444421351
0.444222778
0.444026679
0.443832934
0.443641424
0.44345206
0.443264723
0.443079293
0.44289574
0.442713946
0.442533851
0.442355365
0.442178428
0.442002982
0.441828966
0.441656351
0.441485047
0.441315025
0.441146255
0.440978646
0.44081223
0.440646887
0.440482646
0.440319449
0.440157264
0.439996064
0.439835817
0.439676493
0.439518094
0.439360559
0.439203858
0.439047992
0.438892961
0.438738704
0.438585222
0.438432485
0.438280463
0.438129187
0.437978596
0.43782872
0.43767947
0.437530905
0.437382996
0.437235683
0.437088996
0.436942935
0.43679744
0.436652541
0.436508209
0.436364442
0.436221212
0.436078548
0.435936391
0.435794771
0.435653657
0.435513079
0.435372949
0.435233325
0.435094208
0.434955537
0.434817344
0.434679598
0.434542298
0.434405476
0.434269071
0.434133083
0.433997542
0.433862418
0.433727711
0.433593422
0.43345952
0.433326036
0.433192939
0.433060229
0.432927877
0.432795942
0.432664335
0.432533145
0.432402283
0.432271779
0.432141662
0.432011873
0.431882411
0.431753308
0.431624562
0.431496114
0.431368023
0.431240231
0.431112796
0.43098563
0.430858821
0.43073231
0.430606097
0.430480182
0.430354565
0.430229247
0.430104196
0.429979473
0.429855019
0.429730833
0.429606915
0.429483294
0.429359943
0.429236859
0.429114014
0.428991437
0.428869128
0.428747058
0.428625256
0.428503662
0.428382337
0.42826125
0.428140402
0.428019762
0.42789939
0.427779198
0.427659273
0.427539527
0.42742002
0.427300721
0.427181602
0.42706272
0.426944017
0.426825523
0.426707238
0.426589102
0.426471174
0.426353425
0.426235855
0.426118463
0.426001251
0.425884187
0.425767273
0.425650537
0.42553395
0.425417513
0.425301224
0.425185084
0.425069064
0.424953192
0.42483744
0.424721807
0.424606293
0.424490899
0.424375623
0.424260408
0.424145341
0.424030334
0.423915416
0.423800588
0.423685819
0.42357114
0.42345649
0.42334193
0.4232274
0.423112929
0.422998458
0.422884047
0.422769636
0.422655255
0.422540873
0.422426492
0.422312081
0.42219767
0.422083229
0.421968728
0.421854198
0.421739578
0.421624899
0.42151016
0.421395302
0.421280324
0.421165258
0.421050042
0.420934677
0.420819163
0.420703471
0.420587569
0.42047146
0.420355141
0.420238554
0.4201217
0.420004576
0.419887155
0.419769377
0.41965127
0.419532746
0.419413865
0.419294506
0.419174701
0.419054389
0.41893357
0.418812156
0.418690175
0.418567508
0.418444186
0.418320119
0.418195277
0.418069601
0.417943031
0.417815506
0.417686969
0.417557329
0.417426556
0.417294532
0.417161167
0.417026401
0.416890085
0.41675216
0.416612446
0.416470855
0.416327238
0.416181445
0.416033268
0.415882528
0.415729046
0.415572584
0.415412843
0.415249586
0.415082455
0.414911121
0.414735198
0.414554209
0.414367676
0.414175004
0.413975537
0.41376856
0.413553208
0.413328439
0.41309315
0.412845999
0.412585348
0.412309378
0.412015796
0.411701947
0.411364496
0.410999447
0.410601765
0.410165161
0.409681588
0.409140587
0.408528358
0.407826275
0.40700841
0.406037927
0.404860258
0.403390914
0.401492208
0.398917973
0.395186841
0.389226764
0.377768904
0.341323763
0.273938686
0.220641404
0.178340018
0.144389167
0.116994336
0.094833598
0.076883301
0.062333718
0.050536942
0.040971115
0.033214316
0.026924739
0.021825198
0.017690834
0.014339193
0.011622255
0.009419936
0.007634835
0.006187961
0.005015257
0.004064789
0.003294449
0.002670106
0.002164091
0.001753979
0.001421593
0.001152201
0.000933863
0.000756901
0.000613475
0.000497228
0.000403009
0.000326643
0.000264747
0.000214579
0.000173917
0.000140959
0.000114245
9.26E-05
7.50E-05
6.08E-05
4.93E-05
3.99E-05
3.24E-05
2.62E-05
2.13E-05
1.72E-05
1.40E-05
1.13E-05
9.16E-06
7.42E-06
6.01E-06
4.87E-06
3.95E-06
3.20E-06
2.59E-06
2.10E-06
1.70E-06
1.37E-06
1.11E-06
9.01E-07
7.29E-07
5.90E-07
4.77E-07
3.86E-07
3.13E-07
2.53E-07
2.04E-07
1.65E-07
1.34E-07
1.08E-07
8.74E-08
7.06E-08
5.70E-08
4.61E-08
3.72E-08
3.00E-08
2.43E-08
1.96E-08
1.58E-08
1.27E-08
1.03E-08
8.29E-09
6.68E-09
5.38E-09
4.34E-09
3.49E-09
2.81E-09
2.26E-09
1.82E-09
1.47E-09
1.18E-09
9.47E-10
7.61E-10
6.11E-10
4.91E-10
3.94E-10
3.16E-10
2.54E-10
2.03E-10
1.63E-10
1.31E-10
1.05E-10
8.37E-11
6.70E-11
5.36E-11
4.28E-11
3.42E-11
2.73E-11
2.18E-11
1.74E-11
1.39E-11
1.11E-11
8.83E-12
7.03E-12
5.60E-12
4.45E-12
3.54E-12
2.81E-12
2.24E-12
1.78E-12
1.41E-12
1.12E-12
8.86E-13
7.02E-13
5.56E-13
4.40E-13
3.48E-13
2.75E-13
2.17E-13
1.72E-13
1.36E-13
1.07E-13
8.43E-14
6.64E-14
5.23E-14
4.11E-14
3.23E-14
2.54E-14
2.00E-14
1.57E-14
1.23E-14
9.64E-15
7.55E-15
5.91E-15
4.63E-15
3.62E-15
2.83E-15
2.21E-15
1.72E-15
1.35E-15
1.05E-15
8.17E-16
6.36E-16
4.95E-16
3.85E-16
2.99E-16
2.32E-16
1.80E-16
1.40E-16
1.08E-16
8.38E-17
6.49E-17
5.02E-17
3.88E-17
2.99E-17
2.31E-17
1.78E-17
1.37E-17
1.06E-17
8.15E-18
6.27E-18
4.82E-18
3.70E-18
2.84E-18
2.18E-18
1.67E-18
1.28E-18
9.79E-19
7.49E-19
5.72E-19
4.37E-19
3.34E-19
2.55E-19
1.94E-19
1.48E-19
1.13E-19
8.56E-20
6.50E-20
4.94E-20
3.75E-20
2.84E-20
2.16E-20
1.63E-20
1.24E-20
9.35E-21
7.06E-21
5.33E-21
4.03E-21
3.04E-21
2.29E-21
1.72E-21
1.30E-21
9.75E-22
7.33E-22
5.50E-22
4.13E-22
3.10E-22
2.32E-22
1.74E-22
1.30E-22
9.71E-23
7.26E-23
5.42E-23
4.04E-23
3.01E-23
2.24E-23
1.67E-23
1.24E-23
9.24E-24
6.86E-24
5.10E-24
3.78E-24
2.80E-24
2.07E-24
1.54E-24
1.14E-24
8.39E-25
6.20E-25
4.57E-25
3.37E-25
2.49E-25
1.83E-25
1.35E-25
9.90E-26
7.28E-26
5.34E-26
3.92E-26
2.87E-26
2.11E-26
1.54E-26
1.13E-26
8.24E-27
6.02E-27
4.39E-27
3.21E-27
2.34E-27
1.70E-27
1.24E-27
9.01E-28
6.55E-28
4.76E-28
3.45E-28
2.50E-28
1.81E-28
1.31E-28
9.50E-29
6.87E-29
4.96E-29
3.58E-29
2.59E-29
1.86E-29
1.34E-29
9.67E-30
6.96E-30
5.00E-30
3.59E-30
2.58E-30
1.85E-30
1.33E-30
9.50E-31
6.80E-31
4.86E-31
3.48E-31
2.48E-31
1.77E-31
1.26E-31
9.01E-32
6.42E-32
4.57E-32
3.25E-32
2.31E-32
1.64E-32
1.16E-32
8.24E-33
5.84E-33
4.14E-33
2.93E-33
2.07E-33
1.46E-33
1.03E-33
7.28E-34
5.13E-34
3.62E-34
2.55E-34
1.79E-34
1.26E-34
8.84E-35
6.21E-35
4.35E-35
3.05E-35
2.14E-35
1.50E-35
1.05E-35
7.31E-36
5.11E-36
3.57E-36
2.49E-36
1.73E-36
1.21E-36
8.40E-37
5.84E-37
4.06E-37
2.82E-37
1.96E-37
1.36E-37
9.40E-38
6.51E-38
4.50E-38
3.11E-38
2.15E-38
1.49E-38
0
0
0
0
0
0
0
0
0
0
0
0
0
0
0
0
0
0
0
0
0
0
0
0
0
0
0
0
0
0
0
0
0
0
0
0
0
0
0
0
0
0
0
0
0
0
0
0
0
0
0
0
0
0
0
0
0
0
0
0
0
0
0
0
0
0
0
0
0
0
0
0
0
0
0
0
0
0
0
0
0
0
0
0
0
0
0
0
0
0
0
0
0
0
0
0
0
0
0
0
0
0
0
0
0
0
0
0
0
0
0
0
0
0
0
0
0
0
0
0
0
0
0
0
0
0
0
0
0
0
0
0
0
0
0
0
0
0
0
0
0
0
0
0
0
0
0
0
0
0
0
0
0
0
0
0
0
0
0
0
0
0
0
0
0
0
0
0
0
0
0
0
0
0
0
0
0
0
0
0
0
0
0
0
0
0
0
0
0
0
0
0
0
0
0
0
0
0
0
0
0
0
0
0
0
0
0
0
0
0
0
0
0
0
0
0
0
0
0
0
0
0
0
0
0
0
0
0
0
0
0
0
0
0
0
0
0
0
0
0
0
0
0
0
0
0
0
0
0
0
0
0
0
0
0
0
0
0
0
0
0
0
0
0
0
0
0
0
0
0
0
0
0
0
0
0
0
0
0
0
0
0
0
0
0
0
0
0
0
0
0
0
0
0
0
0
0
0
0
0
0
0
0
0
0
0
0
0
0
0
0
0
0
0
0
0
0
0
0
0
0
0
0
0
0
0
0
0
0
0
0
0
0
0
0
0
0
0
0
0
0
0
0
0
0
0
0
0
0
0
0
0
0
0
0
0
0
0
0
0
0
0
0
0
0
0
0
0
0
0
0
0
0
0
0
0
0
0
0
0
0
0
0
0
0
0
0
0
0
0
0
0
0
0
0
0
0
0
0
0
0
0
0
0
0
0
0
0
0
0
0
0
0
0
0
0
0
0
0
0
0
0
0
0
0
0
0
0
0
0
0
0
0
0
0
0
0
0
0
0
0
0
0
0
0
0
0
0
0
0
0
0
0
0
0
0
0
0
0
0
0
0
0
0
0
0
0
0
0
0
0
0
0
0
0
0
0
0
0
0
0
0
0
0
0
0
0
0
0
0
0
0
0
0
0
0
0
0
0
0
0
0
0
0
0
0
0
0
0
0
0
0
0
0
0
0
0
0
0
0
0
0
0
0
0
0
0
0
0
0
0
0
0
0
0
0
0
0
0
0
0
0
0
0
0
0
0
0
0
0
0
0
0
0
0
0
0
0
0
0
0
0
0
0
0
0
0
0
0
0
0
0
0
0
0
0
0
0
0
0
0
0
0
0
0
0
0
0
0
0
0
0
0
0
0
0
0
0
0
0
0
0
0
0
0
0
0
0
0
0
0
0
0
0
0
0
0
0
0
0
0
0
0
0
0
0
0
0
0
0
0
0
0
0
0
0
0
0
0
0
0
0
0
0
0
0
0
0
0
0
0
0
0
0
0
0
0
0
0
0
0
0
0
0
0
0
0
0
0
0
0
0
0
0
0
0
0
0
0
0
0
0
0
0
0
0
0
0
0
0
0
0
0
0
0
0
0
0
0
0
0
0
0
0
0
0
0
0
0
0
0
0
0
0
0
0
0
0
0
0
0
0
0
0
0
0
0
0
0
0
0
0
0
0
0
0
0
0
0
0
0
0
0
0
0
0
0
0
0
0
0
0
0
0
0
0
0
0
0
0
0
0
0
0
0
0
0
0
0
0
0
0
0
0
0
0
0
0
0
0
0
0
0
0
0
0
0
0
0
0
0
0
0
0
0
0
0
0
0
0
0
0
0
0
0
0
0
0
0
0
0
0
0
0
0
0
0
0
0
0
0
0
0
0
0
0
0
0
0
0
0
0
0
0
0
0
0
0
0
0
0
0
0
0
0
0
0
0
0
0
0
0
0
0
0
0
0
0
0
0
0
0
0
0
0
0
0
0
0
0
0
0
0
0
0
0
0
0
0
0
0
0
0
0
0
0
0
0
0
0
0
0
0
0
0
0
0
0
0
0
0
0
0
0
0
0
0
0
0
0
0
0
0
0
0
0
0
0
0
0
0
0
0
0
0
0
0
0
0
0
0
0
0
0
0
0
0
0
0
0
0
0
0
0
0
0
0
0
0
0
0
0
0
0
0
0
0
0
0
0
0
0
0
0
0
0
0
0
0
0
0
0
0
0
0
0
0
0
0
0
0
0
0
0
0
0
0
0
0
0
0
0
0
0
0
0
0
0
0
0
0
0
0
0
0
0
0
0
0
0
0
0
0
0
0
0
0
0
0
0
0
0
0
0
0
0
0
0
0
0
0
0
0
0
0
0
0
0
0
0
0
0
0
0
0
0
0
0
0
0
0
0
0
0
0
0
0
0
0
0
0
0
0
0
0
0
0
0
0
0
0
0
0
0
0
0
0
0
0
0
0
0
0
0
0
0
0
0
0
0
0
0
0
0
0
0
0
0
0
0
0
0
0
0
0
0
0
0
0
0
0
0
0
0
0
0
0
0
0
0
0
0
0
0
0
0
0
0
0
0
0
0
0
0
0
0
0
0
0
0
0
0
0
0
0
0
0
0
0
0
0
0
0
0
0
0
0
0
0
0
0
0
0
0
0
0
0
0
0
0
0
0
0
0
0
0
0
0
0
0
0
0
0
0
0
0
0
0
0
0
0
0
0
0
0
0
0
0
0
0
0
0
0
0
0
0
0
0
0
0
0
0
0
0
0
0
0
0
0
0
0
0
0
0
0
0
0
0
0
0
0
0
0
0
0
0
0
0
0
0
0
0
0
0
0
0
0
0
0
0
0
0
0
0
0
0
0
0
0
0
0
0
0
0
0
0
0
0
0
0
0
0
0
0
0
0
0
0
0
0
0
0
0
0
0
0
0
0
0
0
0
0
0
0
0
0
0
0
0
0
0
0
0
0
0
0
0
0
0
0
0
0
0
0
0
0
0
0
0
0
0
0
0
0
0
0
0
0
0
0
0
0
0
0
0
0
0
0
0
0
0
0
0
0
0
0
0
0
0
0
0
0
0
0
0
0
0
0
0
0
0
0
0
0
0
0
0
0
0
0
0
0
0
0
0
0
0
0
0
0
0
0
0
0
0
0
0
0
0
0
0
0
0
0
0
0
0
0
0
0
0
0
0
0
0
0
0
0
0
0
0
0
0
0
0
0
0
0
0
0
0
0
0
0
0
0
0
0
0
0
0
0
0
0
0
0
0
0
0
0
0
0
0
0
0
0
0
0
0
0
0
0
0
0
0
0
0
0
0
0
0
0
0
0
0
0
0
0
0
0
0
0
0
0
0
0
0
0
0
0
0
0
0
0
0
0
0
0
0
0
0
0
0
0
0
0
0
0
0
0
0
0
0
0
0
0
0
0
0
0
0
0
0
0
0
0
0
0
0
0
0
0
0
0
0
0
0
0
0
0
0
0
0
0
0
0
0
0
0
0
0
0
0
0
0
0
0
0
0
0
0
0
0
0
0
0
0
0
0
0
0
0
0
0
0
0
0
0
0
0
0
0
0
0
0
0
0
0
0
0
0
0
0
0
0
0
0
0
0
0
0
0
0
0
0
0
0
0
0
0
0
0
0
0
0
0
0
0
0
0
0
0
0
0
0
0
0
0
0
0
0
0
0
0
0
0
0
0
0
0
0
0
0
0
0
0
0
0
0
0
0
0
0
0
0
0
0
0
0
0
0
0
0
0
0
0
0
0
0
0
0
0
0
0
0
0
0
0
0
0
0
0
0
0
0
0
0
0
0
0
0
0
0
0
0
0
0
0
0
0
0
0
0
0
0
0
0
0
0
0
0
0
0
0
0
0
0
0
0
0
0
0
0
0
0
0
0
0
0
0
0
0
0
0
0
0
0
0
0
0
0
0
0
0
0
0
0
0
0
0
0
0
0
0
0
0
0
0
0
0
0
0
0
0
0
0
0
0
0
0
0
0
0
0
0
0
0
0
0
0
0
0
0
0
0
0
0
0
0
0
0
0
0
0
0
0
0
0
0
0
0
0
0
0
0
0
0
0
0
0
0
0
0
0
0
0
0
0
0
0
0
0
0
0
0
0
0
0
0
0
0
0
0
0
0
0
0
0
0
0
0
0
0
0
0
0
0
0
0
0
0
0
0
0
0
0
0
0
0
0
0
0
0
0
0
0
0
0
0
0
0
0
0
0
0
0
0
0
0
0
0
0
0
0
0
0
0
0
0
0
0
0
0
0
0
0
0
0
0
0
0
0
0
0
0
0
0
0
0
0
0
0
0
0
0
0
0
0
0
0
0
0
0
0
0
0
0
0
0
0
0
0
0
0
0
0
0
0
0
0
0
0
0
0
0
0
0
0
0
0
0
0
0
0
0
0
0
0
0
0
0
0
0
0
0
0
0
0
0
0
0
0
0
0
0
0
0
0
0
0
0
0
0
0
0
0
0
0
0
0
0
0
0
0
0
0
0
0
0
0
0
0
0
0
0
0
0
0
0
0
0
0
0
0
0
0
0
0
0
0
0
0
0
0
0
0
0
0
0
0
0
0
0
0
0
0
0
0
0
0
0
0
0
0
0
0
0
0
0
0
0
0
0
0
0
0
0
0
0
0
0
0
0
0
0
0
0
0
0
0
0
0
0
0
0
0
0
0
0
0
0
0
0
0
0
0
0
0
0
0
0
0
0
0
0
0
0
0
0
0
0
0
0
0
0
0
0
0
0
0
0
0
0
0
0
0
0
0
0
0
0
0
0
0
0
0
0
0
0
0
0
0
0
0
0
0
0
0
0
0
0
0
0
0
0
0
0
0
0
0
0
0
0
0
0
0
0
0
0
0
0
0
0
0
0
0
0
0
0
0
0
0
0
0
0
0
0
0
0
0
0
0
0
0
0
0
0
0
0
0
0
0
0
0
0
0
0
0
0
0
0
0
0
0
0
0
0
0
0
0
0
0
0
0
0
0
0
0
0
0
0
0
0
0
0
0
0
0
0
0
0
0
0
0
0
0
0
0
0
0
0
0
0
0
0
0
0
0
0
0
0
0
0
0
0
0
0
0
0
0
0
0
0
0
0
0
0
0
0
0
0
0
0
0
0
0
0
0
0
0
0
0
0
0
0
0
0
0
0
0
0
0
0
0
0
0
0
0
0
0
0
0
0
0
0
0
0
0
0
0
0
0
0
0
0
0
0
0
0
0
0
0
0
0
0
0
0
0
0
0
0
0
0
0
0
0
0
0
0
0
0
0
0
0
0
0
0
0
0
0
0
0
0
0
0
0
0
0
0
0
0
0
0
0
0
0
0
0
0
0
0
0
0
0
0
0
0
0
0
0
0
0
0
0
0
0
0
0
0
0
0
0
0
0
0
0
0
0
0
0
0
0
0
0
0
0
0
0
0
0
0
0
0
0
0
0
0
0
0
0
0
0
0
0
0
0
0
0
0
0
0
0
0
0
0
0
0
0
0
0
0
0
0
0
0
0
0
0
0
0
0
0
0
0
0
0
0
0
0
0
0
0
0
0
0
0
0
0
0
0
0
0
0
0
0
0
0
0
0
0
0
0
0
0
0
0
0
0
0
0
0
0
0
0
0
0
0
0
0
0
0
0
0
0
0
0
0
0
0
0
0
0
0
0
0
0
0
0
0
0
0
0
0
0
0
0
0
0
0
0
0
0
0
0
0
0
0
0
0
0
0
0
0
0
0
0
0
0
0
0
0
0
0
0
0
0
0
0
0
0
0
0
0
0
0
0
0
0
0
0
0
0
0
0
0
0
0
0
0
0
0
0
0
0
0
0
0
0
0
0
0
0
0
0
0
0
0
0
0
0
0
0
0
0
0
0
0
0
0
0
0
0
0
0
0
0
0
0
0
0
0
0
0
0
0
0
0
0
0
0
0
0
0
0
0
0
0
0
0
0
0
0
0
0
0
0
0
0
0
0
0
0
0
0
0
0
0
0
0
0
0
0
0
0
0
0
0
0
0
0
0
0
0
0
0
0
0
0
0
0
0
0
0
0
0
0
0
0
0
0
0
0
0
0
0
0
0
0
0
0
0
0
0
0
0
0
0
0
0
0
0
0
0
0
0
0
0
0
0
0
0
0
0
0
0
0
0
0
0
0
0
0
0
0
0
0
0
0
0
0
0
0
0
0
0
0
0
0
0
0
0
0
0
0
0
0
0
0
0
0
0
0
0
0
0
0
0
0
0
0
0
0
0
0
0
0
0
0
0
0
0
0
0
0
0
0
0
0
0
0
0
0
0
0
0
0
0
0
0
0
0
0
0
0
0
0
0
0
0
0
0
0
0
0
0
0
0
0
0
0
0
0
0
0
0
0
0
0
0
0
0
0
0
0
0
0
0
0
0
0
0
0
0
0
0
0
0
0
0
0
0
0
0
0
0
0
0
0
0
0
0
0
0
0
0
0
0
0
0
0
0
0
0
0
0
0
0
0
0
0
0
0
0
0
0
0
0
0
0
0
0
0
0
0
0
0
0
0
0
0
0
0
0
0
0
0
0
0
0
0
0
0
0
0
0
0
0
0
0
0
0
0
0
0
0
0
0
0
0
0
0
0
0
0
0
0
0
0
0
0
0
0
0
0
0
0
0
0
0
0
0
0
0
0
0
0
0
0
0
0
0
0
0
0
0
0
0
0
0
0
0
0
0
0
0
0
0
0
0
0
0
0
0
0
0
0
0
0
0
0
0
0
0
0
0
0
0
0
0
0
0
0
0
0
0
0
0
0
0
0
0
0
0
0
0
0
0
0
0
0
0
0
0
0
0
0
0
0
0
0
0
0
0
0
0
0
0
0
0
0
0
0
0
0
0
0
0
0
0
0
0
0
0
0
0
0
0
0
0
0
0
0
0
0
0
0
0
0
0
0
0
0
0
0
0
0
0
0
0
0
0
0
0
0
0
0
0
0
0
0
0
0
0
0
0
0
0
0
0
0
0
0
0
0
0
0
0
0
0
0
0
0
0
0
0
0
0
0
0
0
0
0
0
0
0
0
0
0
0
0
0
0
0
0
0
0
0
0
0
0
0
0
0
0
0
0
0
0
0
0
0
0
0
0
0
0
0
0
0
0
0
0
0
0
0
0
0
0
0
0
0
0
0
0
0
0
0
0
0
0
0
0
0
0
0
0
0
0
0
0
0
0
0
0
0
0
0
0
0
0
0
0
0
0
0
0
0
0
0
0
0
0
0
0
0
0
0
0
0
0
0
0
0
0
0
0
0
0
0
0
0
0
0
0
0
0
0
0
0
0
0
0
0
0
0
0
0
0
0
0
0
0
0
0
0
0
0
0
0
0
0
0
0
0
0
0
0
0
0
0
0
0
0
0
0
0
0
0
0
0
0
0
0
0
0
0
0
0
0
0
0
0
0
0
0
0
0
0
0
0
0
0
0
0
0
0
0
0
0
0
0
0
0
0
0
0
0
0
0
0
0
0
0
0
0
0
0
0
0
0
0
0
0
0
0
0
0
0
0
0
0
0
0
0
0
0
0
0
0
0
0
0
0
0
0
0
0
0
0
0
0
0
0
0
0
0
0
0
0
0
0
0
0
0
0
0
0
0
0
0
0
0
0
0
0
0
0
0
0
0
0
0
0
0
0
0
0
0
0
0
0
0
0
0
0
0
0
0
0
0
0
0
0
0
0
0
0
0
0
0
0
0
0
0
0
0
0
0
0
0
0
0
0
0
0
0
0
0
0
0
0
0
0
0
0
0
0
0
0
0
0
0
0
0
0
0
0
0
0
0
0
0
0
0
0
0
0
0
0
0
0
0
0
0
0
0
0
0
0
0
0
0
0
0
0
0
0
0
0
0
0
0
0
0
0
0
0
0
0
0
0
0
0
0
0
0
0
0
0
0
0
0
0
0
0
0
0
0
0
0
0
0
0
